/*--------------------------------*- C++ -*----------------------------------*\
  =========                 |
  \\      /  F ield         | OpenFOAM: The Open Source CFD Toolbox
   \\    /   O peration     | Website:  https://openfoam.org
    \\  /    A nd           | Version:  9
     \\/     M anipulation  |
\*---------------------------------------------------------------------------*/
FoamFile
{
    format      ascii;
    class       labelList;
    note        "nPoints:6006  nCells:4500  nFaces:14900  nInternalFaces:12100";
    location    "constant/polyMesh";
    object      neighbour;
}
// * * * * * * * * * * * * * * * * * * * * * * * * * * * * * * * * * * * * * //


12100
(
1
50
900
2
51
901
3
52
902
4
53
903
5
54
904
6
55
905
7
56
906
8
57
907
9
58
908
10
59
909
11
60
910
12
61
911
13
62
912
14
63
913
15
64
914
16
65
915
17
66
916
18
67
917
19
68
918
20
69
919
21
70
920
22
71
921
23
72
922
24
73
923
25
74
924
26
75
925
27
76
926
28
77
927
29
78
928
30
79
929
31
80
930
32
81
931
33
82
932
34
83
933
35
84
934
36
85
935
37
86
936
38
87
937
39
88
938
40
89
939
41
90
940
42
91
941
43
92
942
44
93
943
45
94
944
46
95
945
47
96
946
48
97
947
49
98
948
99
949
51
100
950
52
101
951
53
102
952
54
103
953
55
104
954
56
105
955
57
106
956
58
107
957
59
108
958
60
109
959
61
110
960
62
111
961
63
112
962
64
113
963
65
114
964
66
115
965
67
116
966
68
117
967
69
118
968
70
119
969
71
120
970
72
121
971
73
122
972
74
123
973
75
124
974
76
125
975
77
126
976
78
127
977
79
128
978
80
129
979
81
130
980
82
131
981
83
132
982
84
133
983
85
134
984
86
135
985
87
136
986
88
137
987
89
138
988
90
139
989
91
140
990
92
141
991
93
142
992
94
143
993
95
144
994
96
145
995
97
146
996
98
147
997
99
148
998
149
999
101
150
1000
102
151
1001
103
152
1002
104
153
1003
105
154
1004
106
155
1005
107
156
1006
108
157
1007
109
158
1008
110
159
1009
111
160
1010
112
161
1011
113
162
1012
114
163
1013
115
164
1014
116
165
1015
117
166
1016
118
167
1017
119
168
1018
120
169
1019
121
170
1020
122
171
1021
123
172
1022
124
173
1023
125
174
1024
126
175
1025
127
176
1026
128
177
1027
129
178
1028
130
179
1029
131
180
1030
132
181
1031
133
182
1032
134
183
1033
135
184
1034
136
185
1035
137
186
1036
138
187
1037
139
188
1038
140
189
1039
141
190
1040
142
191
1041
143
192
1042
144
193
1043
145
194
1044
146
195
1045
147
196
1046
148
197
1047
149
198
1048
199
1049
151
200
1050
152
201
1051
153
202
1052
154
203
1053
155
204
1054
156
205
1055
157
206
1056
158
207
1057
159
208
1058
160
209
1059
161
210
1060
162
211
1061
163
212
1062
164
213
1063
165
214
1064
166
215
1065
167
216
1066
168
217
1067
169
218
1068
170
219
1069
171
220
1070
172
221
1071
173
222
1072
174
223
1073
175
224
1074
176
225
1075
177
226
1076
178
227
1077
179
228
1078
180
229
1079
181
230
1080
182
231
1081
183
232
1082
184
233
1083
185
234
1084
186
235
1085
187
236
1086
188
237
1087
189
238
1088
190
239
1089
191
240
1090
192
241
1091
193
242
1092
194
243
1093
195
244
1094
196
245
1095
197
246
1096
198
247
1097
199
248
1098
249
1099
201
250
1100
202
251
1101
203
252
1102
204
253
1103
205
254
1104
206
255
1105
207
256
1106
208
257
1107
209
258
1108
210
259
1109
211
260
1110
212
261
1111
213
262
1112
214
263
1113
215
264
1114
216
265
1115
217
266
1116
218
267
1117
219
268
1118
220
269
1119
221
270
1120
222
271
1121
223
272
1122
224
273
1123
225
274
1124
226
275
1125
227
276
1126
228
277
1127
229
278
1128
230
279
1129
231
280
1130
232
281
1131
233
282
1132
234
283
1133
235
284
1134
236
285
1135
237
286
1136
238
287
1137
239
288
1138
240
289
1139
241
290
1140
242
291
1141
243
292
1142
244
293
1143
245
294
1144
246
295
1145
247
296
1146
248
297
1147
249
298
1148
299
1149
251
300
1150
252
301
1151
253
302
1152
254
303
1153
255
304
1154
256
305
1155
257
306
1156
258
307
1157
259
308
1158
260
309
1159
261
310
1160
262
311
1161
263
312
1162
264
313
1163
265
314
1164
266
315
1165
267
316
1166
268
317
1167
269
318
1168
270
319
1169
271
320
1170
272
321
1171
273
322
1172
274
323
1173
275
324
1174
276
325
1175
277
326
1176
278
327
1177
279
328
1178
280
329
1179
281
330
1180
282
331
1181
283
332
1182
284
333
1183
285
334
1184
286
335
1185
287
336
1186
288
337
1187
289
338
1188
290
339
1189
291
340
1190
292
341
1191
293
342
1192
294
343
1193
295
344
1194
296
345
1195
297
346
1196
298
347
1197
299
348
1198
349
1199
301
350
1200
302
351
1201
303
352
1202
304
353
1203
305
354
1204
306
355
1205
307
356
1206
308
357
1207
309
358
1208
310
359
1209
311
360
1210
312
361
1211
313
362
1212
314
363
1213
315
364
1214
316
365
1215
317
366
1216
318
367
1217
319
368
1218
320
369
1219
321
370
1220
322
371
1221
323
372
1222
324
373
1223
325
374
1224
326
375
1225
327
376
1226
328
377
1227
329
378
1228
330
379
1229
331
380
1230
332
381
1231
333
382
1232
334
383
1233
335
384
1234
336
385
1235
337
386
1236
338
387
1237
339
388
1238
340
389
1239
341
390
1240
342
391
1241
343
392
1242
344
393
1243
345
394
1244
346
395
1245
347
396
1246
348
397
1247
349
398
1248
399
1249
351
400
1250
352
401
1251
353
402
1252
354
403
1253
355
404
1254
356
405
1255
357
406
1256
358
407
1257
359
408
1258
360
409
1259
361
410
1260
362
411
1261
363
412
1262
364
413
1263
365
414
1264
366
415
1265
367
416
1266
368
417
1267
369
418
1268
370
419
1269
371
420
1270
372
421
1271
373
422
1272
374
423
1273
375
424
1274
376
425
1275
377
426
1276
378
427
1277
379
428
1278
380
429
1279
381
430
1280
382
431
1281
383
432
1282
384
433
1283
385
434
1284
386
435
1285
387
436
1286
388
437
1287
389
438
1288
390
439
1289
391
440
1290
392
441
1291
393
442
1292
394
443
1293
395
444
1294
396
445
1295
397
446
1296
398
447
1297
399
448
1298
449
1299
401
450
1300
402
451
1301
403
452
1302
404
453
1303
405
454
1304
406
455
1305
407
456
1306
408
457
1307
409
458
1308
410
459
1309
411
460
1310
412
461
1311
413
462
1312
414
463
1313
415
464
1314
416
465
1315
417
466
1316
418
467
1317
419
468
1318
420
469
1319
421
470
1320
422
471
1321
423
472
1322
424
473
1323
425
474
1324
426
475
1325
427
476
1326
428
477
1327
429
478
1328
430
479
1329
431
480
1330
432
481
1331
433
482
1332
434
483
1333
435
484
1334
436
485
1335
437
486
1336
438
487
1337
439
488
1338
440
489
1339
441
490
1340
442
491
1341
443
492
1342
444
493
1343
445
494
1344
446
495
1345
447
496
1346
448
497
1347
449
498
1348
499
1349
451
1350
452
1351
453
1352
454
1353
455
1354
456
1355
457
1356
458
1357
459
1358
460
1359
461
1360
462
1361
463
1362
464
1363
465
1364
466
1365
467
1366
468
1367
469
1368
470
1369
471
1370
472
1371
473
1372
474
1373
475
1374
476
1375
477
1376
478
1377
479
1378
480
1379
481
1380
482
1381
483
1382
484
1383
485
1384
486
1385
487
1386
488
1387
489
1388
490
1389
491
500
1390
492
501
1391
493
502
1392
494
503
1393
495
504
1394
496
505
1395
497
506
1396
498
507
1397
499
508
1398
509
1399
501
510
1400
502
511
1401
503
512
1402
504
513
1403
505
514
1404
506
515
1405
507
516
1406
508
517
1407
509
518
1408
519
1409
511
520
1410
512
521
1411
513
522
1412
514
523
1413
515
524
1414
516
525
1415
517
526
1416
518
527
1417
519
528
1418
529
1419
521
530
1420
522
531
1421
523
532
1422
524
533
1423
525
534
1424
526
535
1425
527
536
1426
528
537
1427
529
538
1428
539
1429
531
540
1430
532
541
1431
533
542
1432
534
543
1433
535
544
1434
536
545
1435
537
546
1436
538
547
1437
539
548
1438
549
1439
541
550
1440
542
551
1441
543
552
1442
544
553
1443
545
554
1444
546
555
1445
547
556
1446
548
557
1447
549
558
1448
559
1449
551
560
1450
552
561
1451
553
562
1452
554
563
1453
555
564
1454
556
565
1455
557
566
1456
558
567
1457
559
568
1458
569
1459
561
570
1460
562
571
1461
563
572
1462
564
573
1463
565
574
1464
566
575
1465
567
576
1466
568
577
1467
569
578
1468
579
1469
571
580
1470
572
581
1471
573
582
1472
574
583
1473
575
584
1474
576
585
1475
577
586
1476
578
587
1477
579
588
1478
589
1479
581
590
1480
582
591
1481
583
592
1482
584
593
1483
585
594
1484
586
595
1485
587
596
1486
588
597
1487
589
598
1488
599
1489
591
600
1490
592
601
1491
593
602
1492
594
603
1493
595
604
1494
596
605
1495
597
606
1496
598
607
1497
599
608
1498
609
1499
601
610
1500
602
611
1501
603
612
1502
604
613
1503
605
614
1504
606
615
1505
607
616
1506
608
617
1507
609
618
1508
619
1509
611
620
1510
612
621
1511
613
622
1512
614
623
1513
615
624
1514
616
625
1515
617
626
1516
618
627
1517
619
628
1518
629
1519
621
630
1520
622
631
1521
623
632
1522
624
633
1523
625
634
1524
626
635
1525
627
636
1526
628
637
1527
629
638
1528
639
1529
631
640
1530
632
641
1531
633
642
1532
634
643
1533
635
644
1534
636
645
1535
637
646
1536
638
647
1537
639
648
1538
649
1539
641
650
1540
642
651
1541
643
652
1542
644
653
1543
645
654
1544
646
655
1545
647
656
1546
648
657
1547
649
658
1548
659
1549
651
660
1550
652
661
1551
653
662
1552
654
663
1553
655
664
1554
656
665
1555
657
666
1556
658
667
1557
659
668
1558
669
1559
661
670
1560
662
671
1561
663
672
1562
664
673
1563
665
674
1564
666
675
1565
667
676
1566
668
677
1567
669
678
1568
679
1569
671
680
1570
672
681
1571
673
682
1572
674
683
1573
675
684
1574
676
685
1575
677
686
1576
678
687
1577
679
688
1578
689
1579
681
690
1580
682
691
1581
683
692
1582
684
693
1583
685
694
1584
686
695
1585
687
696
1586
688
697
1587
689
698
1588
699
1589
691
700
1590
692
701
1591
693
702
1592
694
703
1593
695
704
1594
696
705
1595
697
706
1596
698
707
1597
699
708
1598
709
1599
701
710
1600
702
711
1601
703
712
1602
704
713
1603
705
714
1604
706
715
1605
707
716
1606
708
717
1607
709
718
1608
719
1609
711
720
1610
712
721
1611
713
722
1612
714
723
1613
715
724
1614
716
725
1615
717
726
1616
718
727
1617
719
728
1618
729
1619
721
730
1620
722
731
1621
723
732
1622
724
733
1623
725
734
1624
726
735
1625
727
736
1626
728
737
1627
729
738
1628
739
1629
731
740
1630
732
741
1631
733
742
1632
734
743
1633
735
744
1634
736
745
1635
737
746
1636
738
747
1637
739
748
1638
749
1639
741
750
1640
742
751
1641
743
752
1642
744
753
1643
745
754
1644
746
755
1645
747
756
1646
748
757
1647
749
758
1648
759
1649
751
760
1650
752
761
1651
753
762
1652
754
763
1653
755
764
1654
756
765
1655
757
766
1656
758
767
1657
759
768
1658
769
1659
761
770
1660
762
771
1661
763
772
1662
764
773
1663
765
774
1664
766
775
1665
767
776
1666
768
777
1667
769
778
1668
779
1669
771
780
1670
772
781
1671
773
782
1672
774
783
1673
775
784
1674
776
785
1675
777
786
1676
778
787
1677
779
788
1678
789
1679
781
790
1680
782
791
1681
783
792
1682
784
793
1683
785
794
1684
786
795
1685
787
796
1686
788
797
1687
789
798
1688
799
1689
791
800
1690
792
801
1691
793
802
1692
794
803
1693
795
804
1694
796
805
1695
797
806
1696
798
807
1697
799
808
1698
809
1699
801
810
1700
802
811
1701
803
812
1702
804
813
1703
805
814
1704
806
815
1705
807
816
1706
808
817
1707
809
818
1708
819
1709
811
820
1710
812
821
1711
813
822
1712
814
823
1713
815
824
1714
816
825
1715
817
826
1716
818
827
1717
819
828
1718
829
1719
821
830
1720
822
831
1721
823
832
1722
824
833
1723
825
834
1724
826
835
1725
827
836
1726
828
837
1727
829
838
1728
839
1729
831
840
1730
832
841
1731
833
842
1732
834
843
1733
835
844
1734
836
845
1735
837
846
1736
838
847
1737
839
848
1738
849
1739
841
850
1740
842
851
1741
843
852
1742
844
853
1743
845
854
1744
846
855
1745
847
856
1746
848
857
1747
849
858
1748
859
1749
851
860
1750
852
861
1751
853
862
1752
854
863
1753
855
864
1754
856
865
1755
857
866
1756
858
867
1757
859
868
1758
869
1759
861
870
1760
862
871
1761
863
872
1762
864
873
1763
865
874
1764
866
875
1765
867
876
1766
868
877
1767
869
878
1768
879
1769
871
880
1770
872
881
1771
873
882
1772
874
883
1773
875
884
1774
876
885
1775
877
886
1776
878
887
1777
879
888
1778
889
1779
881
890
1780
882
891
1781
883
892
1782
884
893
1783
885
894
1784
886
895
1785
887
896
1786
888
897
1787
889
898
1788
899
1789
891
1790
892
1791
893
1792
894
1793
895
1794
896
1795
897
1796
898
1797
899
1798
1799
901
950
1800
902
951
1801
903
952
1802
904
953
1803
905
954
1804
906
955
1805
907
956
1806
908
957
1807
909
958
1808
910
959
1809
911
960
1810
912
961
1811
913
962
1812
914
963
1813
915
964
1814
916
965
1815
917
966
1816
918
967
1817
919
968
1818
920
969
1819
921
970
1820
922
971
1821
923
972
1822
924
973
1823
925
974
1824
926
975
1825
927
976
1826
928
977
1827
929
978
1828
930
979
1829
931
980
1830
932
981
1831
933
982
1832
934
983
1833
935
984
1834
936
985
1835
937
986
1836
938
987
1837
939
988
1838
940
989
1839
941
990
1840
942
991
1841
943
992
1842
944
993
1843
945
994
1844
946
995
1845
947
996
1846
948
997
1847
949
998
1848
999
1849
951
1000
1850
952
1001
1851
953
1002
1852
954
1003
1853
955
1004
1854
956
1005
1855
957
1006
1856
958
1007
1857
959
1008
1858
960
1009
1859
961
1010
1860
962
1011
1861
963
1012
1862
964
1013
1863
965
1014
1864
966
1015
1865
967
1016
1866
968
1017
1867
969
1018
1868
970
1019
1869
971
1020
1870
972
1021
1871
973
1022
1872
974
1023
1873
975
1024
1874
976
1025
1875
977
1026
1876
978
1027
1877
979
1028
1878
980
1029
1879
981
1030
1880
982
1031
1881
983
1032
1882
984
1033
1883
985
1034
1884
986
1035
1885
987
1036
1886
988
1037
1887
989
1038
1888
990
1039
1889
991
1040
1890
992
1041
1891
993
1042
1892
994
1043
1893
995
1044
1894
996
1045
1895
997
1046
1896
998
1047
1897
999
1048
1898
1049
1899
1001
1050
1900
1002
1051
1901
1003
1052
1902
1004
1053
1903
1005
1054
1904
1006
1055
1905
1007
1056
1906
1008
1057
1907
1009
1058
1908
1010
1059
1909
1011
1060
1910
1012
1061
1911
1013
1062
1912
1014
1063
1913
1015
1064
1914
1016
1065
1915
1017
1066
1916
1018
1067
1917
1019
1068
1918
1020
1069
1919
1021
1070
1920
1022
1071
1921
1023
1072
1922
1024
1073
1923
1025
1074
1924
1026
1075
1925
1027
1076
1926
1028
1077
1927
1029
1078
1928
1030
1079
1929
1031
1080
1930
1032
1081
1931
1033
1082
1932
1034
1083
1933
1035
1084
1934
1036
1085
1935
1037
1086
1936
1038
1087
1937
1039
1088
1938
1040
1089
1939
1041
1090
1940
1042
1091
1941
1043
1092
1942
1044
1093
1943
1045
1094
1944
1046
1095
1945
1047
1096
1946
1048
1097
1947
1049
1098
1948
1099
1949
1051
1100
1950
1052
1101
1951
1053
1102
1952
1054
1103
1953
1055
1104
1954
1056
1105
1955
1057
1106
1956
1058
1107
1957
1059
1108
1958
1060
1109
1959
1061
1110
1960
1062
1111
1961
1063
1112
1962
1064
1113
1963
1065
1114
1964
1066
1115
1965
1067
1116
1966
1068
1117
1967
1069
1118
1968
1070
1119
1969
1071
1120
1970
1072
1121
1971
1073
1122
1972
1074
1123
1973
1075
1124
1974
1076
1125
1975
1077
1126
1976
1078
1127
1977
1079
1128
1978
1080
1129
1979
1081
1130
1980
1082
1131
1981
1083
1132
1982
1084
1133
1983
1085
1134
1984
1086
1135
1985
1087
1136
1986
1088
1137
1987
1089
1138
1988
1090
1139
1989
1091
1140
1990
1092
1141
1991
1093
1142
1992
1094
1143
1993
1095
1144
1994
1096
1145
1995
1097
1146
1996
1098
1147
1997
1099
1148
1998
1149
1999
1101
1150
2000
1102
1151
2001
1103
1152
2002
1104
1153
2003
1105
1154
2004
1106
1155
2005
1107
1156
2006
1108
1157
2007
1109
1158
2008
1110
1159
2009
1111
1160
2010
1112
1161
2011
1113
1162
2012
1114
1163
2013
1115
1164
2014
1116
1165
2015
1117
1166
2016
1118
1167
2017
1119
1168
2018
1120
1169
2019
1121
1170
2020
1122
1171
2021
1123
1172
2022
1124
1173
2023
1125
1174
2024
1126
1175
2025
1127
1176
2026
1128
1177
2027
1129
1178
2028
1130
1179
2029
1131
1180
2030
1132
1181
2031
1133
1182
2032
1134
1183
2033
1135
1184
2034
1136
1185
2035
1137
1186
2036
1138
1187
2037
1139
1188
2038
1140
1189
2039
1141
1190
2040
1142
1191
2041
1143
1192
2042
1144
1193
2043
1145
1194
2044
1146
1195
2045
1147
1196
2046
1148
1197
2047
1149
1198
2048
1199
2049
1151
1200
2050
1152
1201
2051
1153
1202
2052
1154
1203
2053
1155
1204
2054
1156
1205
2055
1157
1206
2056
1158
1207
2057
1159
1208
2058
1160
1209
2059
1161
1210
2060
1162
1211
2061
1163
1212
2062
1164
1213
2063
1165
1214
2064
1166
1215
2065
1167
1216
2066
1168
1217
2067
1169
1218
2068
1170
1219
2069
1171
1220
2070
1172
1221
2071
1173
1222
2072
1174
1223
2073
1175
1224
2074
1176
1225
2075
1177
1226
2076
1178
1227
2077
1179
1228
2078
1180
1229
2079
1181
1230
2080
1182
1231
2081
1183
1232
2082
1184
1233
2083
1185
1234
2084
1186
1235
2085
1187
1236
2086
1188
1237
2087
1189
1238
2088
1190
1239
2089
1191
1240
2090
1192
1241
2091
1193
1242
2092
1194
1243
2093
1195
1244
2094
1196
1245
2095
1197
1246
2096
1198
1247
2097
1199
1248
2098
1249
2099
1201
1250
2100
1202
1251
2101
1203
1252
2102
1204
1253
2103
1205
1254
2104
1206
1255
2105
1207
1256
2106
1208
1257
2107
1209
1258
2108
1210
1259
2109
1211
1260
2110
1212
1261
2111
1213
1262
2112
1214
1263
2113
1215
1264
2114
1216
1265
2115
1217
1266
2116
1218
1267
2117
1219
1268
2118
1220
1269
2119
1221
1270
2120
1222
1271
2121
1223
1272
2122
1224
1273
2123
1225
1274
2124
1226
1275
2125
1227
1276
2126
1228
1277
2127
1229
1278
2128
1230
1279
2129
1231
1280
2130
1232
1281
2131
1233
1282
2132
1234
1283
2133
1235
1284
2134
1236
1285
2135
1237
1286
2136
1238
1287
2137
1239
1288
2138
1240
1289
2139
1241
1290
2140
1242
1291
2141
1243
1292
2142
1244
1293
2143
1245
1294
2144
1246
1295
2145
1247
1296
2146
1248
1297
2147
1249
1298
2148
1299
2149
1251
1300
2150
1252
1301
2151
1253
1302
2152
1254
1303
2153
1255
1304
2154
1256
1305
2155
1257
1306
2156
1258
1307
2157
1259
1308
2158
1260
1309
2159
1261
1310
2160
1262
1311
2161
1263
1312
2162
1264
1313
2163
1265
1314
2164
1266
1315
2165
1267
1316
2166
1268
1317
2167
1269
1318
2168
1270
1319
2169
1271
1320
2170
1272
1321
2171
1273
1322
2172
1274
1323
2173
1275
1324
2174
1276
1325
2175
1277
1326
2176
1278
1327
2177
1279
1328
2178
1280
1329
2179
1281
1330
2180
1282
1331
2181
1283
1332
2182
1284
1333
2183
1285
1334
2184
1286
1335
2185
1287
1336
2186
1288
1337
2187
1289
1338
2188
1290
1339
2189
1291
1340
2190
1292
1341
2191
1293
1342
2192
1294
1343
2193
1295
1344
2194
1296
1345
2195
1297
1346
2196
1298
1347
2197
1299
1348
2198
1349
2199
1301
1350
2200
1302
1351
2201
1303
1352
2202
1304
1353
2203
1305
1354
2204
1306
1355
2205
1307
1356
2206
1308
1357
2207
1309
1358
2208
1310
1359
2209
1311
1360
2210
1312
1361
2211
1313
1362
2212
1314
1363
2213
1315
1364
2214
1316
1365
2215
1317
1366
2216
1318
1367
2217
1319
1368
2218
1320
1369
2219
1321
1370
2220
1322
1371
2221
1323
1372
2222
1324
1373
2223
1325
1374
2224
1326
1375
2225
1327
1376
2226
1328
1377
2227
1329
1378
2228
1330
1379
2229
1331
1380
2230
1332
1381
2231
1333
1382
2232
1334
1383
2233
1335
1384
2234
1336
1385
2235
1337
1386
2236
1338
1387
2237
1339
1388
2238
1340
1389
2239
1341
1390
2240
1342
1391
2241
1343
1392
2242
1344
1393
2243
1345
1394
2244
1346
1395
2245
1347
1396
2246
1348
1397
2247
1349
1398
2248
1399
2249
1351
2250
1352
2251
1353
2252
1354
2253
1355
2254
1356
2255
1357
2256
1358
2257
1359
2258
1360
2259
1361
2260
1362
2261
1363
2262
1364
2263
1365
2264
1366
2265
1367
2266
1368
2267
1369
2268
1370
2269
1371
2270
1372
2271
1373
2272
1374
2273
1375
2274
1376
2275
1377
2276
1378
2277
1379
2278
1380
2279
1381
2280
1382
2281
1383
2282
1384
2283
1385
2284
1386
2285
1387
2286
1388
2287
1389
2288
1390
2289
1391
1400
2290
1392
1401
2291
1393
1402
2292
1394
1403
2293
1395
1404
2294
1396
1405
2295
1397
1406
2296
1398
1407
2297
1399
1408
2298
1409
2299
1401
1410
2300
1402
1411
2301
1403
1412
2302
1404
1413
2303
1405
1414
2304
1406
1415
2305
1407
1416
2306
1408
1417
2307
1409
1418
2308
1419
2309
1411
1420
2310
1412
1421
2311
1413
1422
2312
1414
1423
2313
1415
1424
2314
1416
1425
2315
1417
1426
2316
1418
1427
2317
1419
1428
2318
1429
2319
1421
1430
2320
1422
1431
2321
1423
1432
2322
1424
1433
2323
1425
1434
2324
1426
1435
2325
1427
1436
2326
1428
1437
2327
1429
1438
2328
1439
2329
1431
1440
2330
1432
1441
2331
1433
1442
2332
1434
1443
2333
1435
1444
2334
1436
1445
2335
1437
1446
2336
1438
1447
2337
1439
1448
2338
1449
2339
1441
1450
2340
1442
1451
2341
1443
1452
2342
1444
1453
2343
1445
1454
2344
1446
1455
2345
1447
1456
2346
1448
1457
2347
1449
1458
2348
1459
2349
1451
1460
2350
1452
1461
2351
1453
1462
2352
1454
1463
2353
1455
1464
2354
1456
1465
2355
1457
1466
2356
1458
1467
2357
1459
1468
2358
1469
2359
1461
1470
2360
1462
1471
2361
1463
1472
2362
1464
1473
2363
1465
1474
2364
1466
1475
2365
1467
1476
2366
1468
1477
2367
1469
1478
2368
1479
2369
1471
1480
2370
1472
1481
2371
1473
1482
2372
1474
1483
2373
1475
1484
2374
1476
1485
2375
1477
1486
2376
1478
1487
2377
1479
1488
2378
1489
2379
1481
1490
2380
1482
1491
2381
1483
1492
2382
1484
1493
2383
1485
1494
2384
1486
1495
2385
1487
1496
2386
1488
1497
2387
1489
1498
2388
1499
2389
1491
1500
2390
1492
1501
2391
1493
1502
2392
1494
1503
2393
1495
1504
2394
1496
1505
2395
1497
1506
2396
1498
1507
2397
1499
1508
2398
1509
2399
1501
1510
2400
1502
1511
2401
1503
1512
2402
1504
1513
2403
1505
1514
2404
1506
1515
2405
1507
1516
2406
1508
1517
2407
1509
1518
2408
1519
2409
1511
1520
2410
1512
1521
2411
1513
1522
2412
1514
1523
2413
1515
1524
2414
1516
1525
2415
1517
1526
2416
1518
1527
2417
1519
1528
2418
1529
2419
1521
1530
2420
1522
1531
2421
1523
1532
2422
1524
1533
2423
1525
1534
2424
1526
1535
2425
1527
1536
2426
1528
1537
2427
1529
1538
2428
1539
2429
1531
1540
2430
1532
1541
2431
1533
1542
2432
1534
1543
2433
1535
1544
2434
1536
1545
2435
1537
1546
2436
1538
1547
2437
1539
1548
2438
1549
2439
1541
1550
2440
1542
1551
2441
1543
1552
2442
1544
1553
2443
1545
1554
2444
1546
1555
2445
1547
1556
2446
1548
1557
2447
1549
1558
2448
1559
2449
1551
1560
2450
1552
1561
2451
1553
1562
2452
1554
1563
2453
1555
1564
2454
1556
1565
2455
1557
1566
2456
1558
1567
2457
1559
1568
2458
1569
2459
1561
1570
2460
1562
1571
2461
1563
1572
2462
1564
1573
2463
1565
1574
2464
1566
1575
2465
1567
1576
2466
1568
1577
2467
1569
1578
2468
1579
2469
1571
1580
2470
1572
1581
2471
1573
1582
2472
1574
1583
2473
1575
1584
2474
1576
1585
2475
1577
1586
2476
1578
1587
2477
1579
1588
2478
1589
2479
1581
1590
2480
1582
1591
2481
1583
1592
2482
1584
1593
2483
1585
1594
2484
1586
1595
2485
1587
1596
2486
1588
1597
2487
1589
1598
2488
1599
2489
1591
1600
2490
1592
1601
2491
1593
1602
2492
1594
1603
2493
1595
1604
2494
1596
1605
2495
1597
1606
2496
1598
1607
2497
1599
1608
2498
1609
2499
1601
1610
2500
1602
1611
2501
1603
1612
2502
1604
1613
2503
1605
1614
2504
1606
1615
2505
1607
1616
2506
1608
1617
2507
1609
1618
2508
1619
2509
1611
1620
2510
1612
1621
2511
1613
1622
2512
1614
1623
2513
1615
1624
2514
1616
1625
2515
1617
1626
2516
1618
1627
2517
1619
1628
2518
1629
2519
1621
1630
2520
1622
1631
2521
1623
1632
2522
1624
1633
2523
1625
1634
2524
1626
1635
2525
1627
1636
2526
1628
1637
2527
1629
1638
2528
1639
2529
1631
1640
2530
1632
1641
2531
1633
1642
2532
1634
1643
2533
1635
1644
2534
1636
1645
2535
1637
1646
2536
1638
1647
2537
1639
1648
2538
1649
2539
1641
1650
2540
1642
1651
2541
1643
1652
2542
1644
1653
2543
1645
1654
2544
1646
1655
2545
1647
1656
2546
1648
1657
2547
1649
1658
2548
1659
2549
1651
1660
2550
1652
1661
2551
1653
1662
2552
1654
1663
2553
1655
1664
2554
1656
1665
2555
1657
1666
2556
1658
1667
2557
1659
1668
2558
1669
2559
1661
1670
2560
1662
1671
2561
1663
1672
2562
1664
1673
2563
1665
1674
2564
1666
1675
2565
1667
1676
2566
1668
1677
2567
1669
1678
2568
1679
2569
1671
1680
2570
1672
1681
2571
1673
1682
2572
1674
1683
2573
1675
1684
2574
1676
1685
2575
1677
1686
2576
1678
1687
2577
1679
1688
2578
1689
2579
1681
1690
2580
1682
1691
2581
1683
1692
2582
1684
1693
2583
1685
1694
2584
1686
1695
2585
1687
1696
2586
1688
1697
2587
1689
1698
2588
1699
2589
1691
1700
2590
1692
1701
2591
1693
1702
2592
1694
1703
2593
1695
1704
2594
1696
1705
2595
1697
1706
2596
1698
1707
2597
1699
1708
2598
1709
2599
1701
1710
2600
1702
1711
2601
1703
1712
2602
1704
1713
2603
1705
1714
2604
1706
1715
2605
1707
1716
2606
1708
1717
2607
1709
1718
2608
1719
2609
1711
1720
2610
1712
1721
2611
1713
1722
2612
1714
1723
2613
1715
1724
2614
1716
1725
2615
1717
1726
2616
1718
1727
2617
1719
1728
2618
1729
2619
1721
1730
2620
1722
1731
2621
1723
1732
2622
1724
1733
2623
1725
1734
2624
1726
1735
2625
1727
1736
2626
1728
1737
2627
1729
1738
2628
1739
2629
1731
1740
2630
1732
1741
2631
1733
1742
2632
1734
1743
2633
1735
1744
2634
1736
1745
2635
1737
1746
2636
1738
1747
2637
1739
1748
2638
1749
2639
1741
1750
2640
1742
1751
2641
1743
1752
2642
1744
1753
2643
1745
1754
2644
1746
1755
2645
1747
1756
2646
1748
1757
2647
1749
1758
2648
1759
2649
1751
1760
2650
1752
1761
2651
1753
1762
2652
1754
1763
2653
1755
1764
2654
1756
1765
2655
1757
1766
2656
1758
1767
2657
1759
1768
2658
1769
2659
1761
1770
2660
1762
1771
2661
1763
1772
2662
1764
1773
2663
1765
1774
2664
1766
1775
2665
1767
1776
2666
1768
1777
2667
1769
1778
2668
1779
2669
1771
1780
2670
1772
1781
2671
1773
1782
2672
1774
1783
2673
1775
1784
2674
1776
1785
2675
1777
1786
2676
1778
1787
2677
1779
1788
2678
1789
2679
1781
1790
2680
1782
1791
2681
1783
1792
2682
1784
1793
2683
1785
1794
2684
1786
1795
2685
1787
1796
2686
1788
1797
2687
1789
1798
2688
1799
2689
1791
2690
1792
2691
1793
2692
1794
2693
1795
2694
1796
2695
1797
2696
1798
2697
1799
2698
2699
1801
1850
2700
1802
1851
2701
1803
1852
2702
1804
1853
2703
1805
1854
2704
1806
1855
2705
1807
1856
2706
1808
1857
2707
1809
1858
2708
1810
1859
2709
1811
1860
2710
1812
1861
2711
1813
1862
2712
1814
1863
2713
1815
1864
2714
1816
1865
2715
1817
1866
2716
1818
1867
2717
1819
1868
2718
1820
1869
2719
1821
1870
2720
1822
1871
2721
1823
1872
2722
1824
1873
2723
1825
1874
2724
1826
1875
2725
1827
1876
2726
1828
1877
2727
1829
1878
2728
1830
1879
2729
1831
1880
2730
1832
1881
2731
1833
1882
2732
1834
1883
2733
1835
1884
2734
1836
1885
2735
1837
1886
2736
1838
1887
2737
1839
1888
2738
1840
1889
2739
1841
1890
2740
1842
1891
2741
1843
1892
2742
1844
1893
2743
1845
1894
2744
1846
1895
2745
1847
1896
2746
1848
1897
2747
1849
1898
2748
1899
2749
1851
1900
2750
1852
1901
2751
1853
1902
2752
1854
1903
2753
1855
1904
2754
1856
1905
2755
1857
1906
2756
1858
1907
2757
1859
1908
2758
1860
1909
2759
1861
1910
2760
1862
1911
2761
1863
1912
2762
1864
1913
2763
1865
1914
2764
1866
1915
2765
1867
1916
2766
1868
1917
2767
1869
1918
2768
1870
1919
2769
1871
1920
2770
1872
1921
2771
1873
1922
2772
1874
1923
2773
1875
1924
2774
1876
1925
2775
1877
1926
2776
1878
1927
2777
1879
1928
2778
1880
1929
2779
1881
1930
2780
1882
1931
2781
1883
1932
2782
1884
1933
2783
1885
1934
2784
1886
1935
2785
1887
1936
2786
1888
1937
2787
1889
1938
2788
1890
1939
2789
1891
1940
2790
1892
1941
2791
1893
1942
2792
1894
1943
2793
1895
1944
2794
1896
1945
2795
1897
1946
2796
1898
1947
2797
1899
1948
2798
1949
2799
1901
1950
2800
1902
1951
2801
1903
1952
2802
1904
1953
2803
1905
1954
2804
1906
1955
2805
1907
1956
2806
1908
1957
2807
1909
1958
2808
1910
1959
2809
1911
1960
2810
1912
1961
2811
1913
1962
2812
1914
1963
2813
1915
1964
2814
1916
1965
2815
1917
1966
2816
1918
1967
2817
1919
1968
2818
1920
1969
2819
1921
1970
2820
1922
1971
2821
1923
1972
2822
1924
1973
2823
1925
1974
2824
1926
1975
2825
1927
1976
2826
1928
1977
2827
1929
1978
2828
1930
1979
2829
1931
1980
2830
1932
1981
2831
1933
1982
2832
1934
1983
2833
1935
1984
2834
1936
1985
2835
1937
1986
2836
1938
1987
2837
1939
1988
2838
1940
1989
2839
1941
1990
2840
1942
1991
2841
1943
1992
2842
1944
1993
2843
1945
1994
2844
1946
1995
2845
1947
1996
2846
1948
1997
2847
1949
1998
2848
1999
2849
1951
2000
2850
1952
2001
2851
1953
2002
2852
1954
2003
2853
1955
2004
2854
1956
2005
2855
1957
2006
2856
1958
2007
2857
1959
2008
2858
1960
2009
2859
1961
2010
2860
1962
2011
2861
1963
2012
2862
1964
2013
2863
1965
2014
2864
1966
2015
2865
1967
2016
2866
1968
2017
2867
1969
2018
2868
1970
2019
2869
1971
2020
2870
1972
2021
2871
1973
2022
2872
1974
2023
2873
1975
2024
2874
1976
2025
2875
1977
2026
2876
1978
2027
2877
1979
2028
2878
1980
2029
2879
1981
2030
2880
1982
2031
2881
1983
2032
2882
1984
2033
2883
1985
2034
2884
1986
2035
2885
1987
2036
2886
1988
2037
2887
1989
2038
2888
1990
2039
2889
1991
2040
2890
1992
2041
2891
1993
2042
2892
1994
2043
2893
1995
2044
2894
1996
2045
2895
1997
2046
2896
1998
2047
2897
1999
2048
2898
2049
2899
2001
2050
2900
2002
2051
2901
2003
2052
2902
2004
2053
2903
2005
2054
2904
2006
2055
2905
2007
2056
2906
2008
2057
2907
2009
2058
2908
2010
2059
2909
2011
2060
2910
2012
2061
2911
2013
2062
2912
2014
2063
2913
2015
2064
2914
2016
2065
2915
2017
2066
2916
2018
2067
2917
2019
2068
2918
2020
2069
2919
2021
2070
2920
2022
2071
2921
2023
2072
2922
2024
2073
2923
2025
2074
2924
2026
2075
2925
2027
2076
2926
2028
2077
2927
2029
2078
2928
2030
2079
2929
2031
2080
2930
2032
2081
2931
2033
2082
2932
2034
2083
2933
2035
2084
2934
2036
2085
2935
2037
2086
2936
2038
2087
2937
2039
2088
2938
2040
2089
2939
2041
2090
2940
2042
2091
2941
2043
2092
2942
2044
2093
2943
2045
2094
2944
2046
2095
2945
2047
2096
2946
2048
2097
2947
2049
2098
2948
2099
2949
2051
2100
2950
2052
2101
2951
2053
2102
2952
2054
2103
2953
2055
2104
2954
2056
2105
2955
2057
2106
2956
2058
2107
2957
2059
2108
2958
2060
2109
2959
2061
2110
2960
2062
2111
2961
2063
2112
2962
2064
2113
2963
2065
2114
2964
2066
2115
2965
2067
2116
2966
2068
2117
2967
2069
2118
2968
2070
2119
2969
2071
2120
2970
2072
2121
2971
2073
2122
2972
2074
2123
2973
2075
2124
2974
2076
2125
2975
2077
2126
2976
2078
2127
2977
2079
2128
2978
2080
2129
2979
2081
2130
2980
2082
2131
2981
2083
2132
2982
2084
2133
2983
2085
2134
2984
2086
2135
2985
2087
2136
2986
2088
2137
2987
2089
2138
2988
2090
2139
2989
2091
2140
2990
2092
2141
2991
2093
2142
2992
2094
2143
2993
2095
2144
2994
2096
2145
2995
2097
2146
2996
2098
2147
2997
2099
2148
2998
2149
2999
2101
2150
3000
2102
2151
3001
2103
2152
3002
2104
2153
3003
2105
2154
3004
2106
2155
3005
2107
2156
3006
2108
2157
3007
2109
2158
3008
2110
2159
3009
2111
2160
3010
2112
2161
3011
2113
2162
3012
2114
2163
3013
2115
2164
3014
2116
2165
3015
2117
2166
3016
2118
2167
3017
2119
2168
3018
2120
2169
3019
2121
2170
3020
2122
2171
3021
2123
2172
3022
2124
2173
3023
2125
2174
3024
2126
2175
3025
2127
2176
3026
2128
2177
3027
2129
2178
3028
2130
2179
3029
2131
2180
3030
2132
2181
3031
2133
2182
3032
2134
2183
3033
2135
2184
3034
2136
2185
3035
2137
2186
3036
2138
2187
3037
2139
2188
3038
2140
2189
3039
2141
2190
3040
2142
2191
3041
2143
2192
3042
2144
2193
3043
2145
2194
3044
2146
2195
3045
2147
2196
3046
2148
2197
3047
2149
2198
3048
2199
3049
2151
2200
3050
2152
2201
3051
2153
2202
3052
2154
2203
3053
2155
2204
3054
2156
2205
3055
2157
2206
3056
2158
2207
3057
2159
2208
3058
2160
2209
3059
2161
2210
3060
2162
2211
3061
2163
2212
3062
2164
2213
3063
2165
2214
3064
2166
2215
3065
2167
2216
3066
2168
2217
3067
2169
2218
3068
2170
2219
3069
2171
2220
3070
2172
2221
3071
2173
2222
3072
2174
2223
3073
2175
2224
3074
2176
2225
3075
2177
2226
3076
2178
2227
3077
2179
2228
3078
2180
2229
3079
2181
2230
3080
2182
2231
3081
2183
2232
3082
2184
2233
3083
2185
2234
3084
2186
2235
3085
2187
2236
3086
2188
2237
3087
2189
2238
3088
2190
2239
3089
2191
2240
3090
2192
2241
3091
2193
2242
3092
2194
2243
3093
2195
2244
3094
2196
2245
3095
2197
2246
3096
2198
2247
3097
2199
2248
3098
2249
3099
2201
2250
3100
2202
2251
3101
2203
2252
3102
2204
2253
3103
2205
2254
3104
2206
2255
3105
2207
2256
3106
2208
2257
3107
2209
2258
3108
2210
2259
3109
2211
2260
3110
2212
2261
3111
2213
2262
3112
2214
2263
3113
2215
2264
3114
2216
2265
3115
2217
2266
3116
2218
2267
3117
2219
2268
3118
2220
2269
3119
2221
2270
3120
2222
2271
3121
2223
2272
3122
2224
2273
3123
2225
2274
3124
2226
2275
3125
2227
2276
3126
2228
2277
3127
2229
2278
3128
2230
2279
3129
2231
2280
3130
2232
2281
3131
2233
2282
3132
2234
2283
3133
2235
2284
3134
2236
2285
3135
2237
2286
3136
2238
2287
3137
2239
2288
3138
2240
2289
3139
2241
2290
3140
2242
2291
3141
2243
2292
3142
2244
2293
3143
2245
2294
3144
2246
2295
3145
2247
2296
3146
2248
2297
3147
2249
2298
3148
2299
3149
2251
3150
2252
3151
2253
3152
2254
3153
2255
3154
2256
3155
2257
3156
2258
3157
2259
3158
2260
3159
2261
3160
2262
3161
2263
3162
2264
3163
2265
3164
2266
3165
2267
3166
2268
3167
2269
3168
2270
3169
2271
3170
2272
3171
2273
3172
2274
3173
2275
3174
2276
3175
2277
3176
2278
3177
2279
3178
2280
3179
2281
3180
2282
3181
2283
3182
2284
3183
2285
3184
2286
3185
2287
3186
2288
3187
2289
3188
2290
3189
2291
2300
3190
2292
2301
3191
2293
2302
3192
2294
2303
3193
2295
2304
3194
2296
2305
3195
2297
2306
3196
2298
2307
3197
2299
2308
3198
2309
3199
2301
2310
3200
2302
2311
3201
2303
2312
3202
2304
2313
3203
2305
2314
3204
2306
2315
3205
2307
2316
3206
2308
2317
3207
2309
2318
3208
2319
3209
2311
2320
3210
2312
2321
3211
2313
2322
3212
2314
2323
3213
2315
2324
3214
2316
2325
3215
2317
2326
3216
2318
2327
3217
2319
2328
3218
2329
3219
2321
2330
3220
2322
2331
3221
2323
2332
3222
2324
2333
3223
2325
2334
3224
2326
2335
3225
2327
2336
3226
2328
2337
3227
2329
2338
3228
2339
3229
2331
2340
3230
2332
2341
3231
2333
2342
3232
2334
2343
3233
2335
2344
3234
2336
2345
3235
2337
2346
3236
2338
2347
3237
2339
2348
3238
2349
3239
2341
2350
3240
2342
2351
3241
2343
2352
3242
2344
2353
3243
2345
2354
3244
2346
2355
3245
2347
2356
3246
2348
2357
3247
2349
2358
3248
2359
3249
2351
2360
3250
2352
2361
3251
2353
2362
3252
2354
2363
3253
2355
2364
3254
2356
2365
3255
2357
2366
3256
2358
2367
3257
2359
2368
3258
2369
3259
2361
2370
3260
2362
2371
3261
2363
2372
3262
2364
2373
3263
2365
2374
3264
2366
2375
3265
2367
2376
3266
2368
2377
3267
2369
2378
3268
2379
3269
2371
2380
3270
2372
2381
3271
2373
2382
3272
2374
2383
3273
2375
2384
3274
2376
2385
3275
2377
2386
3276
2378
2387
3277
2379
2388
3278
2389
3279
2381
2390
3280
2382
2391
3281
2383
2392
3282
2384
2393
3283
2385
2394
3284
2386
2395
3285
2387
2396
3286
2388
2397
3287
2389
2398
3288
2399
3289
2391
2400
3290
2392
2401
3291
2393
2402
3292
2394
2403
3293
2395
2404
3294
2396
2405
3295
2397
2406
3296
2398
2407
3297
2399
2408
3298
2409
3299
2401
2410
3300
2402
2411
3301
2403
2412
3302
2404
2413
3303
2405
2414
3304
2406
2415
3305
2407
2416
3306
2408
2417
3307
2409
2418
3308
2419
3309
2411
2420
3310
2412
2421
3311
2413
2422
3312
2414
2423
3313
2415
2424
3314
2416
2425
3315
2417
2426
3316
2418
2427
3317
2419
2428
3318
2429
3319
2421
2430
3320
2422
2431
3321
2423
2432
3322
2424
2433
3323
2425
2434
3324
2426
2435
3325
2427
2436
3326
2428
2437
3327
2429
2438
3328
2439
3329
2431
2440
3330
2432
2441
3331
2433
2442
3332
2434
2443
3333
2435
2444
3334
2436
2445
3335
2437
2446
3336
2438
2447
3337
2439
2448
3338
2449
3339
2441
2450
3340
2442
2451
3341
2443
2452
3342
2444
2453
3343
2445
2454
3344
2446
2455
3345
2447
2456
3346
2448
2457
3347
2449
2458
3348
2459
3349
2451
2460
3350
2452
2461
3351
2453
2462
3352
2454
2463
3353
2455
2464
3354
2456
2465
3355
2457
2466
3356
2458
2467
3357
2459
2468
3358
2469
3359
2461
2470
3360
2462
2471
3361
2463
2472
3362
2464
2473
3363
2465
2474
3364
2466
2475
3365
2467
2476
3366
2468
2477
3367
2469
2478
3368
2479
3369
2471
2480
3370
2472
2481
3371
2473
2482
3372
2474
2483
3373
2475
2484
3374
2476
2485
3375
2477
2486
3376
2478
2487
3377
2479
2488
3378
2489
3379
2481
2490
3380
2482
2491
3381
2483
2492
3382
2484
2493
3383
2485
2494
3384
2486
2495
3385
2487
2496
3386
2488
2497
3387
2489
2498
3388
2499
3389
2491
2500
3390
2492
2501
3391
2493
2502
3392
2494
2503
3393
2495
2504
3394
2496
2505
3395
2497
2506
3396
2498
2507
3397
2499
2508
3398
2509
3399
2501
2510
3400
2502
2511
3401
2503
2512
3402
2504
2513
3403
2505
2514
3404
2506
2515
3405
2507
2516
3406
2508
2517
3407
2509
2518
3408
2519
3409
2511
2520
3410
2512
2521
3411
2513
2522
3412
2514
2523
3413
2515
2524
3414
2516
2525
3415
2517
2526
3416
2518
2527
3417
2519
2528
3418
2529
3419
2521
2530
3420
2522
2531
3421
2523
2532
3422
2524
2533
3423
2525
2534
3424
2526
2535
3425
2527
2536
3426
2528
2537
3427
2529
2538
3428
2539
3429
2531
2540
3430
2532
2541
3431
2533
2542
3432
2534
2543
3433
2535
2544
3434
2536
2545
3435
2537
2546
3436
2538
2547
3437
2539
2548
3438
2549
3439
2541
2550
3440
2542
2551
3441
2543
2552
3442
2544
2553
3443
2545
2554
3444
2546
2555
3445
2547
2556
3446
2548
2557
3447
2549
2558
3448
2559
3449
2551
2560
3450
2552
2561
3451
2553
2562
3452
2554
2563
3453
2555
2564
3454
2556
2565
3455
2557
2566
3456
2558
2567
3457
2559
2568
3458
2569
3459
2561
2570
3460
2562
2571
3461
2563
2572
3462
2564
2573
3463
2565
2574
3464
2566
2575
3465
2567
2576
3466
2568
2577
3467
2569
2578
3468
2579
3469
2571
2580
3470
2572
2581
3471
2573
2582
3472
2574
2583
3473
2575
2584
3474
2576
2585
3475
2577
2586
3476
2578
2587
3477
2579
2588
3478
2589
3479
2581
2590
3480
2582
2591
3481
2583
2592
3482
2584
2593
3483
2585
2594
3484
2586
2595
3485
2587
2596
3486
2588
2597
3487
2589
2598
3488
2599
3489
2591
2600
3490
2592
2601
3491
2593
2602
3492
2594
2603
3493
2595
2604
3494
2596
2605
3495
2597
2606
3496
2598
2607
3497
2599
2608
3498
2609
3499
2601
2610
3500
2602
2611
3501
2603
2612
3502
2604
2613
3503
2605
2614
3504
2606
2615
3505
2607
2616
3506
2608
2617
3507
2609
2618
3508
2619
3509
2611
2620
3510
2612
2621
3511
2613
2622
3512
2614
2623
3513
2615
2624
3514
2616
2625
3515
2617
2626
3516
2618
2627
3517
2619
2628
3518
2629
3519
2621
2630
3520
2622
2631
3521
2623
2632
3522
2624
2633
3523
2625
2634
3524
2626
2635
3525
2627
2636
3526
2628
2637
3527
2629
2638
3528
2639
3529
2631
2640
3530
2632
2641
3531
2633
2642
3532
2634
2643
3533
2635
2644
3534
2636
2645
3535
2637
2646
3536
2638
2647
3537
2639
2648
3538
2649
3539
2641
2650
3540
2642
2651
3541
2643
2652
3542
2644
2653
3543
2645
2654
3544
2646
2655
3545
2647
2656
3546
2648
2657
3547
2649
2658
3548
2659
3549
2651
2660
3550
2652
2661
3551
2653
2662
3552
2654
2663
3553
2655
2664
3554
2656
2665
3555
2657
2666
3556
2658
2667
3557
2659
2668
3558
2669
3559
2661
2670
3560
2662
2671
3561
2663
2672
3562
2664
2673
3563
2665
2674
3564
2666
2675
3565
2667
2676
3566
2668
2677
3567
2669
2678
3568
2679
3569
2671
2680
3570
2672
2681
3571
2673
2682
3572
2674
2683
3573
2675
2684
3574
2676
2685
3575
2677
2686
3576
2678
2687
3577
2679
2688
3578
2689
3579
2681
2690
3580
2682
2691
3581
2683
2692
3582
2684
2693
3583
2685
2694
3584
2686
2695
3585
2687
2696
3586
2688
2697
3587
2689
2698
3588
2699
3589
2691
3590
2692
3591
2693
3592
2694
3593
2695
3594
2696
3595
2697
3596
2698
3597
2699
3598
3599
2701
2750
3600
2702
2751
3601
2703
2752
3602
2704
2753
3603
2705
2754
3604
2706
2755
3605
2707
2756
3606
2708
2757
3607
2709
2758
3608
2710
2759
3609
2711
2760
3610
2712
2761
3611
2713
2762
3612
2714
2763
3613
2715
2764
3614
2716
2765
3615
2717
2766
3616
2718
2767
3617
2719
2768
3618
2720
2769
3619
2721
2770
3620
2722
2771
3621
2723
2772
3622
2724
2773
3623
2725
2774
3624
2726
2775
3625
2727
2776
3626
2728
2777
3627
2729
2778
3628
2730
2779
3629
2731
2780
3630
2732
2781
3631
2733
2782
3632
2734
2783
3633
2735
2784
3634
2736
2785
3635
2737
2786
3636
2738
2787
3637
2739
2788
3638
2740
2789
3639
2741
2790
3640
2742
2791
3641
2743
2792
3642
2744
2793
3643
2745
2794
3644
2746
2795
3645
2747
2796
3646
2748
2797
3647
2749
2798
3648
2799
3649
2751
2800
3650
2752
2801
3651
2753
2802
3652
2754
2803
3653
2755
2804
3654
2756
2805
3655
2757
2806
3656
2758
2807
3657
2759
2808
3658
2760
2809
3659
2761
2810
3660
2762
2811
3661
2763
2812
3662
2764
2813
3663
2765
2814
3664
2766
2815
3665
2767
2816
3666
2768
2817
3667
2769
2818
3668
2770
2819
3669
2771
2820
3670
2772
2821
3671
2773
2822
3672
2774
2823
3673
2775
2824
3674
2776
2825
3675
2777
2826
3676
2778
2827
3677
2779
2828
3678
2780
2829
3679
2781
2830
3680
2782
2831
3681
2783
2832
3682
2784
2833
3683
2785
2834
3684
2786
2835
3685
2787
2836
3686
2788
2837
3687
2789
2838
3688
2790
2839
3689
2791
2840
3690
2792
2841
3691
2793
2842
3692
2794
2843
3693
2795
2844
3694
2796
2845
3695
2797
2846
3696
2798
2847
3697
2799
2848
3698
2849
3699
2801
2850
3700
2802
2851
3701
2803
2852
3702
2804
2853
3703
2805
2854
3704
2806
2855
3705
2807
2856
3706
2808
2857
3707
2809
2858
3708
2810
2859
3709
2811
2860
3710
2812
2861
3711
2813
2862
3712
2814
2863
3713
2815
2864
3714
2816
2865
3715
2817
2866
3716
2818
2867
3717
2819
2868
3718
2820
2869
3719
2821
2870
3720
2822
2871
3721
2823
2872
3722
2824
2873
3723
2825
2874
3724
2826
2875
3725
2827
2876
3726
2828
2877
3727
2829
2878
3728
2830
2879
3729
2831
2880
3730
2832
2881
3731
2833
2882
3732
2834
2883
3733
2835
2884
3734
2836
2885
3735
2837
2886
3736
2838
2887
3737
2839
2888
3738
2840
2889
3739
2841
2890
3740
2842
2891
3741
2843
2892
3742
2844
2893
3743
2845
2894
3744
2846
2895
3745
2847
2896
3746
2848
2897
3747
2849
2898
3748
2899
3749
2851
2900
3750
2852
2901
3751
2853
2902
3752
2854
2903
3753
2855
2904
3754
2856
2905
3755
2857
2906
3756
2858
2907
3757
2859
2908
3758
2860
2909
3759
2861
2910
3760
2862
2911
3761
2863
2912
3762
2864
2913
3763
2865
2914
3764
2866
2915
3765
2867
2916
3766
2868
2917
3767
2869
2918
3768
2870
2919
3769
2871
2920
3770
2872
2921
3771
2873
2922
3772
2874
2923
3773
2875
2924
3774
2876
2925
3775
2877
2926
3776
2878
2927
3777
2879
2928
3778
2880
2929
3779
2881
2930
3780
2882
2931
3781
2883
2932
3782
2884
2933
3783
2885
2934
3784
2886
2935
3785
2887
2936
3786
2888
2937
3787
2889
2938
3788
2890
2939
3789
2891
2940
3790
2892
2941
3791
2893
2942
3792
2894
2943
3793
2895
2944
3794
2896
2945
3795
2897
2946
3796
2898
2947
3797
2899
2948
3798
2949
3799
2901
2950
3800
2902
2951
3801
2903
2952
3802
2904
2953
3803
2905
2954
3804
2906
2955
3805
2907
2956
3806
2908
2957
3807
2909
2958
3808
2910
2959
3809
2911
2960
3810
2912
2961
3811
2913
2962
3812
2914
2963
3813
2915
2964
3814
2916
2965
3815
2917
2966
3816
2918
2967
3817
2919
2968
3818
2920
2969
3819
2921
2970
3820
2922
2971
3821
2923
2972
3822
2924
2973
3823
2925
2974
3824
2926
2975
3825
2927
2976
3826
2928
2977
3827
2929
2978
3828
2930
2979
3829
2931
2980
3830
2932
2981
3831
2933
2982
3832
2934
2983
3833
2935
2984
3834
2936
2985
3835
2937
2986
3836
2938
2987
3837
2939
2988
3838
2940
2989
3839
2941
2990
3840
2942
2991
3841
2943
2992
3842
2944
2993
3843
2945
2994
3844
2946
2995
3845
2947
2996
3846
2948
2997
3847
2949
2998
3848
2999
3849
2951
3000
3850
2952
3001
3851
2953
3002
3852
2954
3003
3853
2955
3004
3854
2956
3005
3855
2957
3006
3856
2958
3007
3857
2959
3008
3858
2960
3009
3859
2961
3010
3860
2962
3011
3861
2963
3012
3862
2964
3013
3863
2965
3014
3864
2966
3015
3865
2967
3016
3866
2968
3017
3867
2969
3018
3868
2970
3019
3869
2971
3020
3870
2972
3021
3871
2973
3022
3872
2974
3023
3873
2975
3024
3874
2976
3025
3875
2977
3026
3876
2978
3027
3877
2979
3028
3878
2980
3029
3879
2981
3030
3880
2982
3031
3881
2983
3032
3882
2984
3033
3883
2985
3034
3884
2986
3035
3885
2987
3036
3886
2988
3037
3887
2989
3038
3888
2990
3039
3889
2991
3040
3890
2992
3041
3891
2993
3042
3892
2994
3043
3893
2995
3044
3894
2996
3045
3895
2997
3046
3896
2998
3047
3897
2999
3048
3898
3049
3899
3001
3050
3900
3002
3051
3901
3003
3052
3902
3004
3053
3903
3005
3054
3904
3006
3055
3905
3007
3056
3906
3008
3057
3907
3009
3058
3908
3010
3059
3909
3011
3060
3910
3012
3061
3911
3013
3062
3912
3014
3063
3913
3015
3064
3914
3016
3065
3915
3017
3066
3916
3018
3067
3917
3019
3068
3918
3020
3069
3919
3021
3070
3920
3022
3071
3921
3023
3072
3922
3024
3073
3923
3025
3074
3924
3026
3075
3925
3027
3076
3926
3028
3077
3927
3029
3078
3928
3030
3079
3929
3031
3080
3930
3032
3081
3931
3033
3082
3932
3034
3083
3933
3035
3084
3934
3036
3085
3935
3037
3086
3936
3038
3087
3937
3039
3088
3938
3040
3089
3939
3041
3090
3940
3042
3091
3941
3043
3092
3942
3044
3093
3943
3045
3094
3944
3046
3095
3945
3047
3096
3946
3048
3097
3947
3049
3098
3948
3099
3949
3051
3100
3950
3052
3101
3951
3053
3102
3952
3054
3103
3953
3055
3104
3954
3056
3105
3955
3057
3106
3956
3058
3107
3957
3059
3108
3958
3060
3109
3959
3061
3110
3960
3062
3111
3961
3063
3112
3962
3064
3113
3963
3065
3114
3964
3066
3115
3965
3067
3116
3966
3068
3117
3967
3069
3118
3968
3070
3119
3969
3071
3120
3970
3072
3121
3971
3073
3122
3972
3074
3123
3973
3075
3124
3974
3076
3125
3975
3077
3126
3976
3078
3127
3977
3079
3128
3978
3080
3129
3979
3081
3130
3980
3082
3131
3981
3083
3132
3982
3084
3133
3983
3085
3134
3984
3086
3135
3985
3087
3136
3986
3088
3137
3987
3089
3138
3988
3090
3139
3989
3091
3140
3990
3092
3141
3991
3093
3142
3992
3094
3143
3993
3095
3144
3994
3096
3145
3995
3097
3146
3996
3098
3147
3997
3099
3148
3998
3149
3999
3101
3150
4000
3102
3151
4001
3103
3152
4002
3104
3153
4003
3105
3154
4004
3106
3155
4005
3107
3156
4006
3108
3157
4007
3109
3158
4008
3110
3159
4009
3111
3160
4010
3112
3161
4011
3113
3162
4012
3114
3163
4013
3115
3164
4014
3116
3165
4015
3117
3166
4016
3118
3167
4017
3119
3168
4018
3120
3169
4019
3121
3170
4020
3122
3171
4021
3123
3172
4022
3124
3173
4023
3125
3174
4024
3126
3175
4025
3127
3176
4026
3128
3177
4027
3129
3178
4028
3130
3179
4029
3131
3180
4030
3132
3181
4031
3133
3182
4032
3134
3183
4033
3135
3184
4034
3136
3185
4035
3137
3186
4036
3138
3187
4037
3139
3188
4038
3140
3189
4039
3141
3190
4040
3142
3191
4041
3143
3192
4042
3144
3193
4043
3145
3194
4044
3146
3195
4045
3147
3196
4046
3148
3197
4047
3149
3198
4048
3199
4049
3151
4050
3152
4051
3153
4052
3154
4053
3155
4054
3156
4055
3157
4056
3158
4057
3159
4058
3160
4059
3161
4060
3162
4061
3163
4062
3164
4063
3165
4064
3166
4065
3167
4066
3168
4067
3169
4068
3170
4069
3171
4070
3172
4071
3173
4072
3174
4073
3175
4074
3176
4075
3177
4076
3178
4077
3179
4078
3180
4079
3181
4080
3182
4081
3183
4082
3184
4083
3185
4084
3186
4085
3187
4086
3188
4087
3189
4088
3190
4089
3191
3200
4090
3192
3201
4091
3193
3202
4092
3194
3203
4093
3195
3204
4094
3196
3205
4095
3197
3206
4096
3198
3207
4097
3199
3208
4098
3209
4099
3201
3210
4100
3202
3211
4101
3203
3212
4102
3204
3213
4103
3205
3214
4104
3206
3215
4105
3207
3216
4106
3208
3217
4107
3209
3218
4108
3219
4109
3211
3220
4110
3212
3221
4111
3213
3222
4112
3214
3223
4113
3215
3224
4114
3216
3225
4115
3217
3226
4116
3218
3227
4117
3219
3228
4118
3229
4119
3221
3230
4120
3222
3231
4121
3223
3232
4122
3224
3233
4123
3225
3234
4124
3226
3235
4125
3227
3236
4126
3228
3237
4127
3229
3238
4128
3239
4129
3231
3240
4130
3232
3241
4131
3233
3242
4132
3234
3243
4133
3235
3244
4134
3236
3245
4135
3237
3246
4136
3238
3247
4137
3239
3248
4138
3249
4139
3241
3250
4140
3242
3251
4141
3243
3252
4142
3244
3253
4143
3245
3254
4144
3246
3255
4145
3247
3256
4146
3248
3257
4147
3249
3258
4148
3259
4149
3251
3260
4150
3252
3261
4151
3253
3262
4152
3254
3263
4153
3255
3264
4154
3256
3265
4155
3257
3266
4156
3258
3267
4157
3259
3268
4158
3269
4159
3261
3270
4160
3262
3271
4161
3263
3272
4162
3264
3273
4163
3265
3274
4164
3266
3275
4165
3267
3276
4166
3268
3277
4167
3269
3278
4168
3279
4169
3271
3280
4170
3272
3281
4171
3273
3282
4172
3274
3283
4173
3275
3284
4174
3276
3285
4175
3277
3286
4176
3278
3287
4177
3279
3288
4178
3289
4179
3281
3290
4180
3282
3291
4181
3283
3292
4182
3284
3293
4183
3285
3294
4184
3286
3295
4185
3287
3296
4186
3288
3297
4187
3289
3298
4188
3299
4189
3291
3300
4190
3292
3301
4191
3293
3302
4192
3294
3303
4193
3295
3304
4194
3296
3305
4195
3297
3306
4196
3298
3307
4197
3299
3308
4198
3309
4199
3301
3310
4200
3302
3311
4201
3303
3312
4202
3304
3313
4203
3305
3314
4204
3306
3315
4205
3307
3316
4206
3308
3317
4207
3309
3318
4208
3319
4209
3311
3320
4210
3312
3321
4211
3313
3322
4212
3314
3323
4213
3315
3324
4214
3316
3325
4215
3317
3326
4216
3318
3327
4217
3319
3328
4218
3329
4219
3321
3330
4220
3322
3331
4221
3323
3332
4222
3324
3333
4223
3325
3334
4224
3326
3335
4225
3327
3336
4226
3328
3337
4227
3329
3338
4228
3339
4229
3331
3340
4230
3332
3341
4231
3333
3342
4232
3334
3343
4233
3335
3344
4234
3336
3345
4235
3337
3346
4236
3338
3347
4237
3339
3348
4238
3349
4239
3341
3350
4240
3342
3351
4241
3343
3352
4242
3344
3353
4243
3345
3354
4244
3346
3355
4245
3347
3356
4246
3348
3357
4247
3349
3358
4248
3359
4249
3351
3360
4250
3352
3361
4251
3353
3362
4252
3354
3363
4253
3355
3364
4254
3356
3365
4255
3357
3366
4256
3358
3367
4257
3359
3368
4258
3369
4259
3361
3370
4260
3362
3371
4261
3363
3372
4262
3364
3373
4263
3365
3374
4264
3366
3375
4265
3367
3376
4266
3368
3377
4267
3369
3378
4268
3379
4269
3371
3380
4270
3372
3381
4271
3373
3382
4272
3374
3383
4273
3375
3384
4274
3376
3385
4275
3377
3386
4276
3378
3387
4277
3379
3388
4278
3389
4279
3381
3390
4280
3382
3391
4281
3383
3392
4282
3384
3393
4283
3385
3394
4284
3386
3395
4285
3387
3396
4286
3388
3397
4287
3389
3398
4288
3399
4289
3391
3400
4290
3392
3401
4291
3393
3402
4292
3394
3403
4293
3395
3404
4294
3396
3405
4295
3397
3406
4296
3398
3407
4297
3399
3408
4298
3409
4299
3401
3410
4300
3402
3411
4301
3403
3412
4302
3404
3413
4303
3405
3414
4304
3406
3415
4305
3407
3416
4306
3408
3417
4307
3409
3418
4308
3419
4309
3411
3420
4310
3412
3421
4311
3413
3422
4312
3414
3423
4313
3415
3424
4314
3416
3425
4315
3417
3426
4316
3418
3427
4317
3419
3428
4318
3429
4319
3421
3430
4320
3422
3431
4321
3423
3432
4322
3424
3433
4323
3425
3434
4324
3426
3435
4325
3427
3436
4326
3428
3437
4327
3429
3438
4328
3439
4329
3431
3440
4330
3432
3441
4331
3433
3442
4332
3434
3443
4333
3435
3444
4334
3436
3445
4335
3437
3446
4336
3438
3447
4337
3439
3448
4338
3449
4339
3441
3450
4340
3442
3451
4341
3443
3452
4342
3444
3453
4343
3445
3454
4344
3446
3455
4345
3447
3456
4346
3448
3457
4347
3449
3458
4348
3459
4349
3451
3460
4350
3452
3461
4351
3453
3462
4352
3454
3463
4353
3455
3464
4354
3456
3465
4355
3457
3466
4356
3458
3467
4357
3459
3468
4358
3469
4359
3461
3470
4360
3462
3471
4361
3463
3472
4362
3464
3473
4363
3465
3474
4364
3466
3475
4365
3467
3476
4366
3468
3477
4367
3469
3478
4368
3479
4369
3471
3480
4370
3472
3481
4371
3473
3482
4372
3474
3483
4373
3475
3484
4374
3476
3485
4375
3477
3486
4376
3478
3487
4377
3479
3488
4378
3489
4379
3481
3490
4380
3482
3491
4381
3483
3492
4382
3484
3493
4383
3485
3494
4384
3486
3495
4385
3487
3496
4386
3488
3497
4387
3489
3498
4388
3499
4389
3491
3500
4390
3492
3501
4391
3493
3502
4392
3494
3503
4393
3495
3504
4394
3496
3505
4395
3497
3506
4396
3498
3507
4397
3499
3508
4398
3509
4399
3501
3510
4400
3502
3511
4401
3503
3512
4402
3504
3513
4403
3505
3514
4404
3506
3515
4405
3507
3516
4406
3508
3517
4407
3509
3518
4408
3519
4409
3511
3520
4410
3512
3521
4411
3513
3522
4412
3514
3523
4413
3515
3524
4414
3516
3525
4415
3517
3526
4416
3518
3527
4417
3519
3528
4418
3529
4419
3521
3530
4420
3522
3531
4421
3523
3532
4422
3524
3533
4423
3525
3534
4424
3526
3535
4425
3527
3536
4426
3528
3537
4427
3529
3538
4428
3539
4429
3531
3540
4430
3532
3541
4431
3533
3542
4432
3534
3543
4433
3535
3544
4434
3536
3545
4435
3537
3546
4436
3538
3547
4437
3539
3548
4438
3549
4439
3541
3550
4440
3542
3551
4441
3543
3552
4442
3544
3553
4443
3545
3554
4444
3546
3555
4445
3547
3556
4446
3548
3557
4447
3549
3558
4448
3559
4449
3551
3560
4450
3552
3561
4451
3553
3562
4452
3554
3563
4453
3555
3564
4454
3556
3565
4455
3557
3566
4456
3558
3567
4457
3559
3568
4458
3569
4459
3561
3570
4460
3562
3571
4461
3563
3572
4462
3564
3573
4463
3565
3574
4464
3566
3575
4465
3567
3576
4466
3568
3577
4467
3569
3578
4468
3579
4469
3571
3580
4470
3572
3581
4471
3573
3582
4472
3574
3583
4473
3575
3584
4474
3576
3585
4475
3577
3586
4476
3578
3587
4477
3579
3588
4478
3589
4479
3581
3590
4480
3582
3591
4481
3583
3592
4482
3584
3593
4483
3585
3594
4484
3586
3595
4485
3587
3596
4486
3588
3597
4487
3589
3598
4488
3599
4489
3591
4490
3592
4491
3593
4492
3594
4493
3595
4494
3596
4495
3597
4496
3598
4497
3599
4498
4499
3601
3650
3602
3651
3603
3652
3604
3653
3605
3654
3606
3655
3607
3656
3608
3657
3609
3658
3610
3659
3611
3660
3612
3661
3613
3662
3614
3663
3615
3664
3616
3665
3617
3666
3618
3667
3619
3668
3620
3669
3621
3670
3622
3671
3623
3672
3624
3673
3625
3674
3626
3675
3627
3676
3628
3677
3629
3678
3630
3679
3631
3680
3632
3681
3633
3682
3634
3683
3635
3684
3636
3685
3637
3686
3638
3687
3639
3688
3640
3689
3641
3690
3642
3691
3643
3692
3644
3693
3645
3694
3646
3695
3647
3696
3648
3697
3649
3698
3699
3651
3700
3652
3701
3653
3702
3654
3703
3655
3704
3656
3705
3657
3706
3658
3707
3659
3708
3660
3709
3661
3710
3662
3711
3663
3712
3664
3713
3665
3714
3666
3715
3667
3716
3668
3717
3669
3718
3670
3719
3671
3720
3672
3721
3673
3722
3674
3723
3675
3724
3676
3725
3677
3726
3678
3727
3679
3728
3680
3729
3681
3730
3682
3731
3683
3732
3684
3733
3685
3734
3686
3735
3687
3736
3688
3737
3689
3738
3690
3739
3691
3740
3692
3741
3693
3742
3694
3743
3695
3744
3696
3745
3697
3746
3698
3747
3699
3748
3749
3701
3750
3702
3751
3703
3752
3704
3753
3705
3754
3706
3755
3707
3756
3708
3757
3709
3758
3710
3759
3711
3760
3712
3761
3713
3762
3714
3763
3715
3764
3716
3765
3717
3766
3718
3767
3719
3768
3720
3769
3721
3770
3722
3771
3723
3772
3724
3773
3725
3774
3726
3775
3727
3776
3728
3777
3729
3778
3730
3779
3731
3780
3732
3781
3733
3782
3734
3783
3735
3784
3736
3785
3737
3786
3738
3787
3739
3788
3740
3789
3741
3790
3742
3791
3743
3792
3744
3793
3745
3794
3746
3795
3747
3796
3748
3797
3749
3798
3799
3751
3800
3752
3801
3753
3802
3754
3803
3755
3804
3756
3805
3757
3806
3758
3807
3759
3808
3760
3809
3761
3810
3762
3811
3763
3812
3764
3813
3765
3814
3766
3815
3767
3816
3768
3817
3769
3818
3770
3819
3771
3820
3772
3821
3773
3822
3774
3823
3775
3824
3776
3825
3777
3826
3778
3827
3779
3828
3780
3829
3781
3830
3782
3831
3783
3832
3784
3833
3785
3834
3786
3835
3787
3836
3788
3837
3789
3838
3790
3839
3791
3840
3792
3841
3793
3842
3794
3843
3795
3844
3796
3845
3797
3846
3798
3847
3799
3848
3849
3801
3850
3802
3851
3803
3852
3804
3853
3805
3854
3806
3855
3807
3856
3808
3857
3809
3858
3810
3859
3811
3860
3812
3861
3813
3862
3814
3863
3815
3864
3816
3865
3817
3866
3818
3867
3819
3868
3820
3869
3821
3870
3822
3871
3823
3872
3824
3873
3825
3874
3826
3875
3827
3876
3828
3877
3829
3878
3830
3879
3831
3880
3832
3881
3833
3882
3834
3883
3835
3884
3836
3885
3837
3886
3838
3887
3839
3888
3840
3889
3841
3890
3842
3891
3843
3892
3844
3893
3845
3894
3846
3895
3847
3896
3848
3897
3849
3898
3899
3851
3900
3852
3901
3853
3902
3854
3903
3855
3904
3856
3905
3857
3906
3858
3907
3859
3908
3860
3909
3861
3910
3862
3911
3863
3912
3864
3913
3865
3914
3866
3915
3867
3916
3868
3917
3869
3918
3870
3919
3871
3920
3872
3921
3873
3922
3874
3923
3875
3924
3876
3925
3877
3926
3878
3927
3879
3928
3880
3929
3881
3930
3882
3931
3883
3932
3884
3933
3885
3934
3886
3935
3887
3936
3888
3937
3889
3938
3890
3939
3891
3940
3892
3941
3893
3942
3894
3943
3895
3944
3896
3945
3897
3946
3898
3947
3899
3948
3949
3901
3950
3902
3951
3903
3952
3904
3953
3905
3954
3906
3955
3907
3956
3908
3957
3909
3958
3910
3959
3911
3960
3912
3961
3913
3962
3914
3963
3915
3964
3916
3965
3917
3966
3918
3967
3919
3968
3920
3969
3921
3970
3922
3971
3923
3972
3924
3973
3925
3974
3926
3975
3927
3976
3928
3977
3929
3978
3930
3979
3931
3980
3932
3981
3933
3982
3934
3983
3935
3984
3936
3985
3937
3986
3938
3987
3939
3988
3940
3989
3941
3990
3942
3991
3943
3992
3944
3993
3945
3994
3946
3995
3947
3996
3948
3997
3949
3998
3999
3951
4000
3952
4001
3953
4002
3954
4003
3955
4004
3956
4005
3957
4006
3958
4007
3959
4008
3960
4009
3961
4010
3962
4011
3963
4012
3964
4013
3965
4014
3966
4015
3967
4016
3968
4017
3969
4018
3970
4019
3971
4020
3972
4021
3973
4022
3974
4023
3975
4024
3976
4025
3977
4026
3978
4027
3979
4028
3980
4029
3981
4030
3982
4031
3983
4032
3984
4033
3985
4034
3986
4035
3987
4036
3988
4037
3989
4038
3990
4039
3991
4040
3992
4041
3993
4042
3994
4043
3995
4044
3996
4045
3997
4046
3998
4047
3999
4048
4049
4001
4050
4002
4051
4003
4052
4004
4053
4005
4054
4006
4055
4007
4056
4008
4057
4009
4058
4010
4059
4011
4060
4012
4061
4013
4062
4014
4063
4015
4064
4016
4065
4017
4066
4018
4067
4019
4068
4020
4069
4021
4070
4022
4071
4023
4072
4024
4073
4025
4074
4026
4075
4027
4076
4028
4077
4029
4078
4030
4079
4031
4080
4032
4081
4033
4082
4034
4083
4035
4084
4036
4085
4037
4086
4038
4087
4039
4088
4040
4089
4041
4090
4042
4091
4043
4092
4044
4093
4045
4094
4046
4095
4047
4096
4048
4097
4049
4098
4099
4051
4052
4053
4054
4055
4056
4057
4058
4059
4060
4061
4062
4063
4064
4065
4066
4067
4068
4069
4070
4071
4072
4073
4074
4075
4076
4077
4078
4079
4080
4081
4082
4083
4084
4085
4086
4087
4088
4089
4090
4091
4100
4092
4101
4093
4102
4094
4103
4095
4104
4096
4105
4097
4106
4098
4107
4099
4108
4109
4101
4110
4102
4111
4103
4112
4104
4113
4105
4114
4106
4115
4107
4116
4108
4117
4109
4118
4119
4111
4120
4112
4121
4113
4122
4114
4123
4115
4124
4116
4125
4117
4126
4118
4127
4119
4128
4129
4121
4130
4122
4131
4123
4132
4124
4133
4125
4134
4126
4135
4127
4136
4128
4137
4129
4138
4139
4131
4140
4132
4141
4133
4142
4134
4143
4135
4144
4136
4145
4137
4146
4138
4147
4139
4148
4149
4141
4150
4142
4151
4143
4152
4144
4153
4145
4154
4146
4155
4147
4156
4148
4157
4149
4158
4159
4151
4160
4152
4161
4153
4162
4154
4163
4155
4164
4156
4165
4157
4166
4158
4167
4159
4168
4169
4161
4170
4162
4171
4163
4172
4164
4173
4165
4174
4166
4175
4167
4176
4168
4177
4169
4178
4179
4171
4180
4172
4181
4173
4182
4174
4183
4175
4184
4176
4185
4177
4186
4178
4187
4179
4188
4189
4181
4190
4182
4191
4183
4192
4184
4193
4185
4194
4186
4195
4187
4196
4188
4197
4189
4198
4199
4191
4200
4192
4201
4193
4202
4194
4203
4195
4204
4196
4205
4197
4206
4198
4207
4199
4208
4209
4201
4210
4202
4211
4203
4212
4204
4213
4205
4214
4206
4215
4207
4216
4208
4217
4209
4218
4219
4211
4220
4212
4221
4213
4222
4214
4223
4215
4224
4216
4225
4217
4226
4218
4227
4219
4228
4229
4221
4230
4222
4231
4223
4232
4224
4233
4225
4234
4226
4235
4227
4236
4228
4237
4229
4238
4239
4231
4240
4232
4241
4233
4242
4234
4243
4235
4244
4236
4245
4237
4246
4238
4247
4239
4248
4249
4241
4250
4242
4251
4243
4252
4244
4253
4245
4254
4246
4255
4247
4256
4248
4257
4249
4258
4259
4251
4260
4252
4261
4253
4262
4254
4263
4255
4264
4256
4265
4257
4266
4258
4267
4259
4268
4269
4261
4270
4262
4271
4263
4272
4264
4273
4265
4274
4266
4275
4267
4276
4268
4277
4269
4278
4279
4271
4280
4272
4281
4273
4282
4274
4283
4275
4284
4276
4285
4277
4286
4278
4287
4279
4288
4289
4281
4290
4282
4291
4283
4292
4284
4293
4285
4294
4286
4295
4287
4296
4288
4297
4289
4298
4299
4291
4300
4292
4301
4293
4302
4294
4303
4295
4304
4296
4305
4297
4306
4298
4307
4299
4308
4309
4301
4310
4302
4311
4303
4312
4304
4313
4305
4314
4306
4315
4307
4316
4308
4317
4309
4318
4319
4311
4320
4312
4321
4313
4322
4314
4323
4315
4324
4316
4325
4317
4326
4318
4327
4319
4328
4329
4321
4330
4322
4331
4323
4332
4324
4333
4325
4334
4326
4335
4327
4336
4328
4337
4329
4338
4339
4331
4340
4332
4341
4333
4342
4334
4343
4335
4344
4336
4345
4337
4346
4338
4347
4339
4348
4349
4341
4350
4342
4351
4343
4352
4344
4353
4345
4354
4346
4355
4347
4356
4348
4357
4349
4358
4359
4351
4360
4352
4361
4353
4362
4354
4363
4355
4364
4356
4365
4357
4366
4358
4367
4359
4368
4369
4361
4370
4362
4371
4363
4372
4364
4373
4365
4374
4366
4375
4367
4376
4368
4377
4369
4378
4379
4371
4380
4372
4381
4373
4382
4374
4383
4375
4384
4376
4385
4377
4386
4378
4387
4379
4388
4389
4381
4390
4382
4391
4383
4392
4384
4393
4385
4394
4386
4395
4387
4396
4388
4397
4389
4398
4399
4391
4400
4392
4401
4393
4402
4394
4403
4395
4404
4396
4405
4397
4406
4398
4407
4399
4408
4409
4401
4410
4402
4411
4403
4412
4404
4413
4405
4414
4406
4415
4407
4416
4408
4417
4409
4418
4419
4411
4420
4412
4421
4413
4422
4414
4423
4415
4424
4416
4425
4417
4426
4418
4427
4419
4428
4429
4421
4430
4422
4431
4423
4432
4424
4433
4425
4434
4426
4435
4427
4436
4428
4437
4429
4438
4439
4431
4440
4432
4441
4433
4442
4434
4443
4435
4444
4436
4445
4437
4446
4438
4447
4439
4448
4449
4441
4450
4442
4451
4443
4452
4444
4453
4445
4454
4446
4455
4447
4456
4448
4457
4449
4458
4459
4451
4460
4452
4461
4453
4462
4454
4463
4455
4464
4456
4465
4457
4466
4458
4467
4459
4468
4469
4461
4470
4462
4471
4463
4472
4464
4473
4465
4474
4466
4475
4467
4476
4468
4477
4469
4478
4479
4471
4480
4472
4481
4473
4482
4474
4483
4475
4484
4476
4485
4477
4486
4478
4487
4479
4488
4489
4481
4490
4482
4491
4483
4492
4484
4493
4485
4494
4486
4495
4487
4496
4488
4497
4489
4498
4499
4491
4492
4493
4494
4495
4496
4497
4498
4499
)


// ************************************************************************* //
