/*--------------------------------*- C++ -*----------------------------------*\
| =========                 |                                                 |
| \\      /  F ield         | OpenFOAM: The Open Source CFD Toolbox           |
|  \\    /   O peration     | Version:  2412                                  |
|   \\  /    A nd           | Website:  www.openfoam.com                      |
|    \\/     M anipulation  |                                                 |
\*---------------------------------------------------------------------------*/
FoamFile
{
    version     2.0;
    format      ascii;
    arch        "LSB;label=32;scalar=64";
    note        "nPoints:5536  nCells:3843  nFaces:13116  nInternalFaces:9942";
    class       labelList;
    location    "constant/polyMesh";
    object      neighbour;
}
// * * * * * * * * * * * * * * * * * * * * * * * * * * * * * * * * * * * * * //


9942
(
1
3
90
2
4
91
5
92
4
6
93
5
7
94
8
95
7
9
96
8
10
97
11
98
10
12
99
11
13
100
14
101
13
15
102
14
16
103
17
104
16
18
105
17
19
106
20
107
19
21
108
20
22
109
23
110
22
24
111
23
25
112
26
113
25
27
114
26
28
115
29
116
28
30
117
29
31
118
32
119
31
33
120
32
34
121
35
122
34
36
123
35
37
124
38
125
37
39
126
38
40
127
41
128
40
42
129
41
43
130
44
131
43
45
132
44
46
133
47
134
46
48
135
47
49
136
50
137
49
51
138
50
52
139
53
140
52
54
141
53
55
142
56
143
55
57
144
56
58
145
59
146
58
60
147
59
61
148
62
149
61
63
150
62
64
151
65
152
64
66
153
65
67
154
68
155
67
69
156
68
70
157
71
158
70
72
159
71
73
160
74
161
73
75
162
74
76
163
77
164
76
78
165
77
79
166
80
167
79
81
168
80
82
169
83
170
82
84
171
83
85
172
86
173
85
87
174
86
88
175
89
176
88
177
89
178
179
91
93
180
92
94
181
95
182
94
96
183
95
97
184
98
185
97
99
186
98
100
187
101
188
100
102
189
101
103
190
104
191
103
105
192
104
106
193
107
194
106
108
195
107
109
196
110
197
109
111
198
110
112
199
113
200
112
114
201
113
115
202
116
203
115
117
204
116
118
205
119
206
118
120
207
119
121
208
122
209
121
123
210
122
124
211
125
212
124
126
213
125
127
214
128
215
127
129
216
128
130
217
131
218
130
132
219
131
133
220
134
221
133
135
222
134
136
223
137
224
136
138
225
137
139
226
140
227
139
141
228
140
142
229
143
230
142
144
231
143
145
232
146
233
145
147
234
146
148
235
149
236
148
150
237
149
151
238
152
239
151
153
240
152
154
241
155
242
154
156
243
155
157
244
158
245
157
159
246
158
160
247
161
248
160
162
249
161
163
250
164
251
163
165
252
164
166
253
167
254
166
168
255
167
169
256
170
257
169
171
258
170
172
259
173
260
172
174
261
173
175
262
176
263
175
177
264
176
178
265
179
266
178
267
179
268
269
181
183
270
182
184
271
185
272
184
186
273
185
187
274
188
275
187
189
276
188
190
277
191
278
190
192
279
191
193
280
194
281
193
195
282
194
196
283
197
284
196
198
285
197
199
286
200
287
199
201
288
200
202
289
203
290
202
204
291
203
205
292
206
293
205
207
294
206
208
295
209
296
208
210
297
209
211
298
212
299
211
213
300
212
214
301
215
302
214
216
303
215
217
304
218
305
217
219
306
218
220
307
221
308
220
222
309
221
223
310
224
311
223
225
312
224
226
313
227
314
226
228
315
227
229
316
230
317
229
231
318
230
232
319
233
320
232
234
321
233
235
322
236
323
235
237
324
236
238
325
239
326
238
240
327
239
241
328
242
329
241
243
330
242
244
331
245
332
244
246
333
245
247
334
248
335
247
249
336
248
250
337
251
338
250
252
339
251
253
340
254
341
253
255
342
254
256
343
257
344
256
258
345
257
259
346
260
347
259
261
348
260
262
349
263
350
262
264
351
263
265
352
266
353
265
267
354
266
268
355
269
356
268
357
269
358
359
271
273
360
272
274
361
275
362
274
276
363
275
277
364
278
365
277
279
366
278
280
367
281
368
280
282
369
281
283
370
284
371
283
285
372
284
286
373
287
374
286
288
375
287
289
376
290
377
289
291
378
290
292
379
293
380
292
294
381
293
295
382
296
383
295
297
384
296
298
385
299
386
298
300
387
299
301
388
302
389
301
303
390
302
304
391
305
392
304
306
393
305
307
394
308
395
307
309
396
308
310
397
311
398
310
312
399
311
313
400
314
401
313
315
402
314
316
403
317
404
316
318
405
317
319
406
320
407
319
321
408
320
322
409
323
410
322
324
411
323
325
412
326
413
325
327
414
326
328
415
329
416
328
330
417
329
331
418
332
419
331
333
420
332
334
421
335
422
334
336
423
335
337
424
338
425
337
339
426
338
340
427
341
428
340
342
429
341
343
430
344
431
343
345
432
344
346
433
347
434
346
348
435
347
349
436
350
437
349
351
438
350
352
439
353
440
352
354
441
353
355
442
356
443
355
357
444
356
358
445
359
446
358
447
359
448
449
361
363
450
362
364
451
365
452
364
366
453
365
367
454
368
455
367
369
456
368
370
457
371
458
370
372
459
371
373
460
374
461
373
375
462
374
376
463
377
464
376
378
465
377
379
466
380
467
379
381
468
380
382
469
383
470
382
384
471
383
385
472
386
473
385
387
474
386
388
475
389
476
388
390
477
389
391
478
392
479
391
393
480
392
394
481
395
482
394
396
483
395
397
484
398
485
397
399
486
398
400
487
401
488
400
402
489
401
403
490
404
491
403
405
492
404
406
493
407
494
406
408
495
407
409
496
410
497
409
411
498
410
412
499
413
500
412
414
501
413
415
502
416
503
415
417
504
416
418
505
419
506
418
420
507
419
421
508
422
509
421
423
510
422
424
511
425
512
424
426
513
425
427
514
428
515
427
429
516
428
430
517
431
518
430
432
519
431
433
520
434
521
433
435
522
434
436
523
437
524
436
438
525
437
439
526
440
527
439
441
528
440
442
529
443
530
442
444
531
443
445
532
446
533
445
447
534
446
448
535
449
536
448
537
449
538
539
451
453
540
452
454
541
455
542
454
456
543
455
457
544
458
545
457
459
546
458
460
547
461
548
460
462
549
461
463
550
464
551
463
465
552
464
466
553
467
554
466
468
555
467
469
556
470
557
469
471
558
470
472
559
473
560
472
474
561
473
475
562
476
563
475
477
564
476
478
565
479
566
478
480
567
479
481
568
482
569
481
483
570
482
484
571
485
572
484
486
573
485
487
574
488
575
487
489
576
488
490
577
491
578
490
492
579
491
493
580
494
581
493
495
582
494
496
583
497
584
496
498
585
497
499
586
500
587
499
501
588
500
502
589
503
590
502
504
591
503
505
592
506
593
505
507
594
506
508
595
509
596
508
510
597
509
511
598
512
599
511
513
600
512
514
601
515
602
514
516
603
515
517
604
518
605
517
519
606
518
520
607
521
608
520
522
609
521
523
610
524
611
523
525
612
524
526
613
527
614
526
528
615
527
529
616
530
617
529
531
618
530
532
619
533
620
532
534
621
533
535
622
536
623
535
537
624
536
538
625
539
626
538
627
539
628
629
541
543
630
542
544
631
545
632
544
546
633
545
547
634
548
635
547
549
636
548
550
637
551
638
550
552
639
551
553
640
554
641
553
555
642
554
556
643
557
644
556
558
645
557
559
646
560
647
559
561
648
560
562
649
563
650
562
564
651
563
565
652
566
653
565
567
654
566
568
655
569
656
568
570
657
569
571
658
572
659
571
573
660
572
574
661
575
662
574
576
663
575
577
664
578
665
577
579
666
578
580
667
581
668
580
582
669
581
583
670
584
671
583
585
672
584
586
673
587
674
586
588
675
587
589
676
590
677
589
591
678
590
592
679
593
680
592
594
681
593
595
682
596
683
595
597
684
596
598
685
599
686
598
600
687
599
601
688
602
689
601
603
690
602
604
691
605
692
604
606
693
605
607
694
608
695
607
609
696
608
610
697
611
698
610
612
699
611
613
700
614
701
613
615
702
614
616
703
617
704
616
618
705
617
619
706
620
707
619
621
708
620
622
709
623
710
622
624
711
623
625
712
626
713
625
627
714
626
628
715
629
716
628
717
629
718
719
631
633
720
632
634
721
635
722
634
636
723
635
637
724
638
725
637
639
726
638
640
727
641
728
640
642
729
641
643
730
644
731
643
645
732
644
646
733
647
734
646
648
735
647
649
736
650
737
649
651
738
650
652
739
653
740
652
654
741
653
655
742
656
743
655
657
744
656
658
745
659
746
658
660
747
659
661
748
662
749
661
663
750
662
664
751
665
752
664
666
753
665
667
754
668
755
667
669
756
668
670
757
671
758
670
672
759
671
673
760
674
761
673
675
762
674
676
763
677
764
676
678
765
677
679
766
680
767
679
681
768
680
682
769
683
770
682
684
771
683
685
772
686
773
685
687
774
686
688
775
689
776
688
690
777
689
691
778
692
779
691
693
780
692
694
781
695
782
694
696
783
695
697
784
698
785
697
699
786
698
700
787
701
788
700
702
789
701
703
790
704
791
703
705
792
704
706
793
707
794
706
708
795
707
709
796
710
797
709
711
798
710
712
799
713
800
712
714
801
713
715
802
716
803
715
717
804
716
718
805
719
806
718
807
719
808
809
721
723
810
722
724
811
725
812
724
726
813
725
727
814
728
815
727
729
816
728
730
817
731
818
730
732
819
731
733
820
734
821
733
735
822
734
736
823
737
824
736
738
825
737
739
826
740
827
739
741
828
740
742
829
743
830
742
744
831
743
745
832
746
833
745
747
834
746
748
835
749
836
748
750
837
749
751
838
752
839
751
753
840
752
754
841
755
842
754
756
843
755
757
844
758
845
757
759
846
758
760
847
761
848
760
762
849
761
763
850
764
851
763
765
852
764
766
853
767
854
766
768
855
767
769
856
770
857
769
771
858
770
772
859
773
860
772
774
861
773
775
862
776
863
775
777
864
776
778
865
779
866
778
780
867
779
781
868
782
869
781
783
870
782
784
871
785
872
784
786
873
785
787
874
788
875
787
789
876
788
790
877
791
878
790
792
879
791
793
880
794
881
793
795
882
794
796
883
797
884
796
798
885
797
799
886
800
887
799
801
888
800
802
889
803
890
802
804
891
803
805
892
806
893
805
807
894
806
808
895
809
896
808
897
809
898
899
811
813
900
812
814
901
815
902
814
816
903
815
817
904
818
905
817
819
906
818
820
907
821
908
820
822
909
821
823
910
824
911
823
825
912
824
826
913
827
914
826
828
915
827
829
916
830
917
829
831
918
830
832
919
833
920
832
834
921
833
835
922
836
923
835
837
924
836
838
925
839
926
838
840
927
839
841
928
842
929
841
843
930
842
844
931
845
932
844
846
933
845
847
934
848
935
847
849
936
848
850
937
851
938
850
852
939
851
853
940
854
941
853
855
942
854
856
943
857
944
856
858
945
857
859
946
860
947
859
861
948
860
862
949
863
950
862
864
951
863
865
952
866
953
865
867
954
866
868
955
869
956
868
870
957
869
871
958
872
959
871
873
960
872
874
961
875
962
874
876
963
875
877
964
878
965
877
879
966
878
880
967
881
968
880
882
969
881
883
970
884
971
883
885
972
884
886
973
887
974
886
888
975
887
889
976
890
977
889
891
978
890
892
979
893
980
892
894
981
893
895
982
896
983
895
897
984
896
898
985
899
986
898
987
899
988
989
901
903
990
902
904
991
905
992
904
906
993
905
907
994
908
995
907
909
996
908
910
997
911
998
910
912
999
911
913
1000
914
1001
913
915
1002
914
916
1003
917
1004
916
918
1005
917
919
1006
920
1007
919
921
1008
920
922
1009
923
1010
922
924
1011
923
925
1012
926
1013
925
927
1014
926
928
1015
929
1016
928
930
1017
929
931
1018
932
1019
931
933
1020
932
934
1021
935
1022
934
936
1023
935
937
1024
938
1025
937
939
1026
938
940
1027
941
1028
940
942
1029
941
943
1030
944
1031
943
945
1032
944
946
1033
947
1034
946
948
1035
947
949
1036
950
1037
949
951
1038
950
952
1039
953
1040
952
954
1041
953
955
1042
956
1043
955
957
1044
956
958
1045
959
1046
958
960
1047
959
961
1048
962
1049
961
963
1050
962
964
1051
965
1052
964
966
1053
965
967
1054
968
1055
967
969
1056
968
970
1057
971
1058
970
972
1059
971
973
1060
974
1061
973
975
1062
974
976
1063
977
1064
976
978
1065
977
979
1066
980
1067
979
981
1068
980
982
1069
983
1070
982
984
1071
983
985
1072
986
1073
985
987
1074
986
988
1075
989
1076
988
1077
989
1078
1079
991
993
1080
992
994
1081
995
1082
994
996
1083
995
997
1084
998
1085
997
999
1086
998
1000
1087
1001
1088
1000
1002
1089
1001
1003
1090
1004
1091
1003
1005
1092
1004
1006
1093
1007
1094
1006
1008
1095
1007
1009
1096
1010
1097
1009
1011
1098
1010
1012
1099
1013
1100
1012
1014
1101
1013
1015
1102
1016
1103
1015
1017
1104
1016
1018
1105
1019
1106
1018
1020
1107
1019
1021
1108
1022
1109
1021
1023
1110
1022
1024
1111
1025
1112
1024
1026
1113
1025
1027
1114
1028
1115
1027
1029
1116
1028
1030
1117
1031
1118
1030
1032
1119
1031
1033
1120
1034
1121
1033
1035
1122
1034
1036
1123
1037
1124
1036
1038
1125
1037
1039
1126
1040
1127
1039
1041
1128
1040
1042
1129
1043
1130
1042
1044
1131
1043
1045
1132
1046
1133
1045
1047
1134
1046
1048
1135
1049
1136
1048
1050
1137
1049
1051
1138
1052
1139
1051
1053
1140
1052
1054
1141
1055
1142
1054
1056
1143
1055
1057
1144
1058
1145
1057
1059
1146
1058
1060
1147
1061
1148
1060
1062
1149
1061
1063
1150
1064
1151
1063
1065
1152
1064
1066
1153
1067
1154
1066
1068
1155
1067
1069
1156
1070
1157
1069
1071
1158
1070
1072
1159
1073
1160
1072
1074
1161
1073
1075
1162
1076
1163
1075
1077
1164
1076
1078
1165
1079
1166
1078
1167
1079
1168
1169
1081
1083
1170
1082
1084
1171
1085
1172
1084
1086
1173
1085
1087
1174
1088
1175
1087
1089
1176
1088
1090
1177
1091
1178
1090
1092
1179
1091
1093
1180
1094
1181
1093
1095
1182
1094
1096
1183
1097
1184
1096
1098
1185
1097
1099
1186
1100
1187
1099
1101
1188
1100
1102
1189
1103
1190
1102
1104
1191
1103
1105
1192
1106
1193
1105
1107
1194
1106
1108
1195
1109
1196
1108
1110
1197
1109
1111
1198
1112
1199
1111
1113
1200
1112
1114
1201
1115
1202
1114
1116
1203
1115
1117
1204
1118
1205
1117
1119
1206
1118
1120
1207
1121
1208
1120
1122
1209
1121
1123
1210
1124
1211
1123
1125
1212
1124
1126
1213
1127
1214
1126
1128
1215
1127
1129
1216
1130
1217
1129
1131
1218
1130
1132
1219
1133
1220
1132
1134
1221
1133
1135
1222
1136
1223
1135
1137
1224
1136
1138
1225
1139
1226
1138
1140
1227
1139
1141
1228
1142
1229
1141
1143
1230
1142
1144
1231
1145
1232
1144
1146
1233
1145
1147
1234
1148
1235
1147
1149
1236
1148
1150
1237
1151
1238
1150
1152
1239
1151
1153
1240
1154
1241
1153
1155
1242
1154
1156
1243
1157
1244
1156
1158
1245
1157
1159
1246
1160
1247
1159
1161
1248
1160
1162
1249
1163
1250
1162
1164
1251
1163
1165
1252
1166
1253
1165
1167
1254
1166
1168
1255
1169
1256
1168
1257
1169
1258
1259
1171
1173
1260
1172
1174
1261
1175
1262
1174
1176
1263
1175
1177
1264
1178
1265
1177
1179
1266
1178
1180
1267
1181
1268
1180
1182
1269
1181
1183
1270
1184
1271
1183
1185
1272
1184
1186
1273
1187
1274
1186
1188
1275
1187
1189
1276
1190
1277
1189
1191
1278
1190
1192
1279
1193
1280
1192
1194
1281
1193
1195
1282
1196
1283
1195
1197
1284
1196
1198
1285
1199
1286
1198
1200
1287
1199
1201
1288
1202
1289
1201
1203
1290
1202
1204
1291
1205
1292
1204
1206
1293
1205
1207
1294
1208
1295
1207
1209
1296
1208
1210
1297
1211
1298
1210
1212
1299
1211
1213
1300
1214
1301
1213
1215
1302
1214
1216
1303
1217
1304
1216
1218
1305
1217
1219
1306
1220
1307
1219
1221
1308
1220
1222
1309
1223
1310
1222
1224
1311
1223
1225
1312
1226
1313
1225
1227
1314
1226
1228
1315
1229
1316
1228
1230
1317
1229
1231
1318
1232
1319
1231
1233
1320
1232
1234
1321
1235
1322
1234
1236
1323
1235
1237
1324
1238
1325
1237
1239
1326
1238
1240
1327
1241
1328
1240
1242
1329
1241
1243
1330
1244
1331
1243
1245
1332
1244
1246
1333
1247
1334
1246
1248
1335
1247
1249
1336
1250
1337
1249
1251
1338
1250
1252
1339
1253
1340
1252
1254
1341
1253
1255
1342
1256
1343
1255
1257
1344
1256
1258
1345
1259
1346
1258
1347
1259
1348
1349
1261
1263
1350
1262
1264
1351
1265
1352
1264
1266
1353
1265
1267
1354
1268
1355
1267
1269
1356
1268
1270
1357
1271
1358
1270
1272
1359
1271
1273
1360
1274
1361
1273
1275
1362
1274
1276
1363
1277
1364
1276
1278
1365
1277
1279
1366
1280
1367
1279
1281
1368
1280
1282
1369
1283
1370
1282
1284
1371
1283
1285
1372
1286
1373
1285
1287
1374
1286
1288
1375
1289
1376
1288
1290
1377
1289
1291
1378
1292
1379
1291
1293
1380
1292
1294
1381
1295
1382
1294
1296
1383
1295
1297
1384
1298
1385
1297
1299
1386
1298
1300
1387
1301
1388
1300
1302
1389
1301
1303
1390
1304
1391
1303
1305
1392
1304
1306
1393
1307
1394
1306
1308
1395
1307
1309
1396
1310
1397
1309
1311
1398
1310
1312
1399
1313
1400
1312
1314
1401
1313
1315
1402
1316
1403
1315
1317
1404
1316
1318
1405
1319
1406
1318
1320
1407
1319
1321
1408
1322
1409
1321
1323
1410
1322
1324
1411
1325
1412
1324
1326
1413
1325
1327
1414
1328
1415
1327
1329
1416
1328
1330
1417
1331
1418
1330
1332
1419
1331
1333
1420
1334
1421
1333
1335
1422
1334
1336
1423
1337
1424
1336
1338
1425
1337
1339
1426
1340
1427
1339
1341
1428
1340
1342
1429
1343
1430
1342
1344
1431
1343
1345
1432
1346
1433
1345
1347
1434
1346
1348
1435
1349
1436
1348
1437
1349
1438
1439
1351
1353
1440
1352
1354
1441
1355
1442
1354
1356
1443
1355
1357
1444
1358
1445
1357
1359
1446
1358
1360
1447
1361
1448
1360
1362
1449
1361
1363
1450
1364
1451
1363
1365
1452
1364
1366
1453
1367
1454
1366
1368
1455
1367
1369
1456
1370
1457
1369
1371
1458
1370
1372
1459
1373
1460
1372
1374
1461
1373
1375
1462
1376
1463
1375
1377
1464
1376
1378
1465
1379
1466
1378
1380
1467
1379
1381
1468
1382
1469
1381
1383
1470
1382
1384
1471
1385
1472
1384
1386
1473
1385
1387
1474
1388
1475
1387
1389
1476
1388
1390
1477
1391
1478
1390
1392
1479
1391
1393
1480
1394
1481
1393
1395
1482
1394
1396
1483
1397
1484
1396
1398
1485
1397
1399
1486
1400
1487
1399
1401
1488
1400
1402
1489
1403
1490
1402
1404
1491
1403
1405
1492
1406
1493
1405
1407
1494
1406
1408
1495
1409
1496
1408
1410
1497
1409
1411
1498
1412
1499
1411
1413
1500
1412
1414
1501
1415
1502
1414
1416
1503
1415
1417
1504
1418
1505
1417
1419
1506
1418
1420
1507
1421
1508
1420
1422
1509
1421
1423
1510
1424
1511
1423
1425
1512
1424
1426
1513
1427
1514
1426
1428
1515
1427
1429
1516
1430
1517
1429
1431
1518
1430
1432
1519
1433
1520
1432
1434
1521
1433
1435
1522
1436
1523
1435
1437
1524
1436
1438
1525
1439
1526
1438
1527
1439
1528
1529
1441
1443
1530
1442
1444
1531
1445
1532
1444
1446
1533
1445
1447
1534
1448
1535
1447
1449
1536
1448
1450
1537
1451
1538
1450
1452
1539
1451
1453
1540
1454
1541
1453
1455
1542
1454
1456
1543
1457
1544
1456
1458
1545
1457
1459
1546
1460
1547
1459
1461
1548
1460
1462
1549
1463
1550
1462
1464
1551
1463
1465
1552
1466
1553
1465
1467
1554
1466
1468
1555
1469
1556
1468
1470
1557
1469
1471
1558
1472
1559
1471
1473
1560
1472
1474
1561
1475
1562
1474
1476
1563
1475
1477
1564
1478
1565
1477
1479
1566
1478
1480
1567
1481
1568
1480
1482
1569
1481
1483
1570
1484
1571
1483
1485
1572
1484
1486
1573
1487
1574
1486
1488
1575
1487
1489
1576
1490
1577
1489
1491
1578
1490
1492
1579
1493
1580
1492
1494
1581
1493
1495
1582
1496
1583
1495
1497
1584
1496
1498
1585
1499
1586
1498
1500
1587
1499
1501
1588
1502
1589
1501
1503
1590
1502
1504
1591
1505
1592
1504
1506
1593
1505
1507
1594
1508
1595
1507
1509
1596
1508
1510
1597
1511
1598
1510
1512
1599
1511
1513
1600
1514
1601
1513
1515
1602
1514
1516
1603
1517
1604
1516
1518
1605
1517
1519
1606
1520
1607
1519
1521
1608
1520
1522
1609
1523
1610
1522
1524
1611
1523
1525
1612
1526
1613
1525
1527
1614
1526
1528
1615
1529
1616
1528
1617
1529
1618
1619
1531
1533
1532
1534
1535
1534
1536
1535
1537
1538
1537
1539
1538
1540
1541
1540
1542
1541
1543
1544
1543
1545
1544
1546
1547
1546
1548
1547
1549
1550
1549
1551
1550
1552
1553
1552
1554
1553
1555
1556
1555
1557
1556
1558
1559
1558
1560
1559
1561
1562
1561
1563
1562
1564
1565
1564
1566
1565
1567
1568
1567
1569
3840
1568
1570
3841
1571
3842
1570
1572
3837
1571
1573
3838
1574
3839
1573
1575
3834
1574
1576
3835
1577
3836
1576
1578
3831
1577
1579
3832
1580
3833
1579
1581
3828
1580
1582
3829
1583
3830
1582
1584
3825
1583
1585
3826
1586
3827
1585
1587
1586
1588
1589
1588
1590
1589
1591
1592
1591
1593
1592
1594
1595
1594
1596
1595
1597
1598
1597
1599
1598
1600
1601
1600
1602
1601
1603
1604
1603
1605
1604
1606
1607
1606
1608
1607
1609
1610
1609
1611
1610
1612
1613
1612
1614
1613
1615
1616
1615
1617
1616
1618
1619
1618
1619
1621
1623
1689
1622
1624
1690
1625
1691
1624
1626
1692
1625
1627
1693
1628
1694
1627
1629
1695
1628
1630
1696
1631
1697
1630
1632
1698
1631
1633
1699
1634
1700
1633
1635
1701
1634
1636
1702
1637
1703
1636
1638
1704
1637
1639
1705
1640
1706
1639
1641
1707
1640
1642
1708
1643
1709
1642
1644
1710
1643
1645
1711
1646
1712
1645
1647
1713
1646
1648
1714
1649
1715
1648
1650
1716
1649
1651
1717
1652
1718
1651
1653
1719
1652
1654
1720
1655
1721
1654
1656
1722
1655
1657
1723
1658
1724
1657
1659
1725
1658
1660
1726
1661
1727
1660
1662
1728
1661
1663
1729
1664
1730
1663
1665
1731
1664
1666
1732
1667
1733
1666
1668
1734
1667
1669
1735
1670
1736
1669
1671
1737
1670
1672
1738
1673
1739
1672
1674
1740
1673
1675
1741
1676
1742
1675
1677
1743
1676
1678
1744
1679
1745
1678
1680
1746
1679
1681
1747
1682
1748
1681
1683
1749
1682
1684
1750
1685
1751
1684
1686
1752
1685
1687
1753
1688
1754
1687
1755
1688
1756
1757
1690
1692
1758
1691
1693
1759
1694
1760
1693
1695
1761
1694
1696
1762
1697
1763
1696
1698
1764
1697
1699
1765
1700
1766
1699
1701
1767
1700
1702
1768
1703
1769
1702
1704
1770
1703
1705
1771
1706
1772
1705
1707
1773
1706
1708
1774
1709
1775
1708
1710
1776
1709
1711
1777
1712
1778
1711
1713
1779
1712
1714
1780
1715
1781
1714
1716
1782
1715
1717
1783
1718
1784
1717
1719
1785
1718
1720
1786
1721
1787
1720
1722
1788
1721
1723
1789
1724
1790
1723
1725
1791
1724
1726
1792
1727
1793
1726
1728
1794
1727
1729
1795
1730
1796
1729
1731
1797
1730
1732
1798
1733
1799
1732
1734
1800
1733
1735
1801
1736
1802
1735
1737
1803
1736
1738
1804
1739
1805
1738
1740
1806
1739
1741
1807
1742
1808
1741
1743
1809
1742
1744
1810
1745
1811
1744
1746
1812
1745
1747
1813
1748
1814
1747
1749
1815
1748
1750
1816
1751
1817
1750
1752
1818
1751
1753
1819
1754
1820
1753
1755
1821
1754
1756
1822
1757
1823
1756
1824
1757
1825
1826
1759
1761
1827
1760
1762
1828
1763
1829
1762
1764
1830
1763
1765
1831
1766
1832
1765
1767
1833
1766
1768
1834
1769
1835
1768
1770
1836
1769
1771
1837
1772
1838
1771
1773
1839
1772
1774
1840
1775
1841
1774
1776
1842
1775
1777
1843
1778
1844
1777
1779
1845
1778
1780
1846
1781
1847
1780
1782
1848
1781
1783
1849
1784
1850
1783
1785
1851
1784
1786
1852
1787
1853
1786
1788
1854
1787
1789
1855
1790
1856
1789
1791
1857
1790
1792
1858
1793
1859
1792
1794
1860
1793
1795
1861
1796
1862
1795
1797
1863
1796
1798
1864
1799
1865
1798
1800
1866
1799
1801
1867
1802
1868
1801
1803
1869
1802
1804
1870
1805
1871
1804
1806
1872
1805
1807
1873
1808
1874
1807
1809
1875
1808
1810
1876
1811
1877
1810
1812
1878
1811
1813
1879
1814
1880
1813
1815
1881
1814
1816
1882
1817
1883
1816
1818
1884
1817
1819
1885
1820
1886
1819
1821
1887
1820
1822
1888
1823
1889
1822
1824
1890
1823
1825
1891
1826
1892
1825
1893
1826
1894
1895
1828
1830
1896
1829
1831
1897
1832
1898
1831
1833
1899
1832
1834
1900
1835
1901
1834
1836
1902
1835
1837
1903
1838
1904
1837
1839
1905
1838
1840
1906
1841
1907
1840
1842
1908
1841
1843
1909
1844
1910
1843
1845
1911
1844
1846
1912
1847
1913
1846
1848
1914
1847
1849
1915
1850
1916
1849
1851
1917
1850
1852
1918
1853
1919
1852
1854
1920
1853
1855
1921
1856
1922
1855
1857
1923
1856
1858
1924
1859
1925
1858
1860
1926
1859
1861
1927
1862
1928
1861
1863
1929
1862
1864
1930
1865
1931
1864
1866
1932
1865
1867
1933
1868
1934
1867
1869
1935
1868
1870
1936
1871
1937
1870
1872
1938
1871
1873
1939
1874
1940
1873
1875
1941
1874
1876
1942
1877
1943
1876
1878
1944
1877
1879
1945
1880
1946
1879
1881
1947
1880
1882
1948
1883
1949
1882
1884
1950
1883
1885
1951
1886
1952
1885
1887
1953
1886
1888
1954
1889
1955
1888
1890
1956
1889
1891
1957
1892
1958
1891
1893
1959
1892
1894
1960
1895
1961
1894
1962
1895
1963
1964
1897
1899
1965
1898
1900
1966
1901
1967
1900
1902
1968
1901
1903
1969
1904
1970
1903
1905
1971
1904
1906
1972
1907
1973
1906
1908
1974
1907
1909
1975
1910
1976
1909
1911
1977
1910
1912
1978
1913
1979
1912
1914
1980
1913
1915
1981
1916
1982
1915
1917
1983
1916
1918
1984
1919
1985
1918
1920
1986
1919
1921
1987
1922
1988
1921
1923
1989
1922
1924
1990
1925
1991
1924
1926
1992
1925
1927
1993
1928
1994
1927
1929
1995
1928
1930
1996
1931
1997
1930
1932
1998
1931
1933
1999
1934
2000
1933
1935
2001
1934
1936
2002
1937
2003
1936
1938
2004
1937
1939
2005
1940
2006
1939
1941
2007
1940
1942
2008
1943
2009
1942
1944
2010
1943
1945
2011
1946
2012
1945
1947
2013
1946
1948
2014
1949
2015
1948
1950
2016
1949
1951
2017
1952
2018
1951
1953
2019
1952
1954
2020
1955
2021
1954
1956
2022
1955
1957
2023
1958
2024
1957
1959
2025
1958
1960
2026
1961
2027
1960
1962
2028
1961
1963
2029
1964
2030
1963
2031
3483
1964
2032
3484
2033
3485
1966
1968
2034
1967
1969
2035
1970
2036
1969
1971
2037
1970
1972
2038
1973
2039
1972
1974
2040
1973
1975
2041
1976
2042
1975
1977
2043
1976
1978
2044
1979
2045
1978
1980
2046
1979
1981
2047
1982
2048
1981
1983
2049
1982
1984
2050
1985
2051
1984
1986
2052
1985
1987
2053
1988
2054
1987
1989
2055
1988
1990
2056
1991
2057
1990
1992
2058
1991
1993
2059
1994
2060
1993
1995
2061
1994
1996
2062
1997
2063
1996
1998
2064
1997
1999
2065
2000
2066
1999
2001
2067
2000
2002
2068
2003
2069
2002
2004
2070
2003
2005
2071
2006
2072
2005
2007
2073
2006
2008
2074
2009
2075
2008
2010
2076
2009
2011
2077
2012
2078
2011
2013
2079
2012
2014
2080
2015
2081
2014
2016
2082
2015
2017
2083
2018
2084
2017
2019
2085
2018
2020
2086
2021
2087
2020
2022
2088
2021
2023
2089
2024
2090
2023
2025
2091
2024
2026
2092
2027
2093
2026
2028
2094
2027
2029
2095
2030
2096
2029
2031
2097
2030
2032
2098
2033
2099
2032
2100
3498
2033
2101
3499
2102
3500
2035
2037
2103
2036
2038
2104
2039
2105
2038
2040
2106
2039
2041
2107
2042
2108
2041
2043
2109
2042
2044
2110
2045
2111
2044
2046
2112
2045
2047
2113
2048
2114
2047
2049
2115
2048
2050
2116
2051
2117
2050
2052
2118
2051
2053
2119
2054
2120
2053
2055
2121
2054
2056
2122
2057
2123
2056
2058
2124
2057
2059
2125
2060
2126
2059
2061
2127
2060
2062
2128
2063
2129
2062
2064
2130
2063
2065
2131
2066
2132
2065
2067
2133
2066
2068
2134
2069
2135
2068
2070
2136
2069
2071
2137
2072
2138
2071
2073
2139
2072
2074
2140
2075
2141
2074
2076
2142
2075
2077
2143
2078
2144
2077
2079
2145
2078
2080
2146
2081
2147
2080
2082
2148
2081
2083
2149
2084
2150
2083
2085
2151
2084
2086
2152
2087
2153
2086
2088
2154
2087
2089
2155
2090
2156
2089
2091
2157
2090
2092
2158
2093
2159
2092
2094
2160
2093
2095
2161
2096
2162
2095
2097
2163
2096
2098
2164
2099
2165
2098
2100
2166
2099
2101
2167
2102
2168
2101
2169
3513
2102
2170
3514
2171
3515
2104
2106
2172
2105
2107
2173
2108
2174
2107
2109
2175
2108
2110
2176
2111
2177
2110
2112
2178
2111
2113
2179
2114
2180
2113
2115
2181
2114
2116
2182
2117
2183
2116
2118
2184
2117
2119
2185
2120
2186
2119
2121
2187
2120
2122
2188
2123
2189
2122
2124
2190
2123
2125
2191
2126
2192
2125
2127
2193
2126
2128
2194
2129
2195
2128
2130
2196
2129
2131
2197
2132
2198
2131
2133
2199
2132
2134
2200
2135
2201
2134
2136
2202
2135
2137
2203
2138
2204
2137
2139
2205
2138
2140
2206
2141
2207
2140
2142
2208
2141
2143
2209
2144
2210
2143
2145
2211
2144
2146
2212
2147
2213
2146
2148
2214
2147
2149
2215
2150
2216
2149
2151
2217
2150
2152
2218
2153
2219
2152
2154
2220
2153
2155
2221
2156
2222
2155
2157
2223
2156
2158
2224
2159
2225
2158
2160
2226
2159
2161
2227
2162
2228
2161
2163
2229
2162
2164
2230
2165
2231
2164
2166
2232
2165
2167
2233
2168
2234
2167
2169
2235
2168
2170
2236
2171
2237
2170
2238
3528
2171
2239
3529
2240
3530
2173
2175
2241
2174
2176
2242
2177
2243
2176
2178
2244
2177
2179
2245
2180
2246
2179
2181
2247
2180
2182
2248
2183
2249
2182
2184
2250
2183
2185
2251
2186
2252
2185
2187
2253
2186
2188
2254
2189
2255
2188
2190
2256
2189
2191
2257
2192
2258
2191
2193
2259
2192
2194
2260
2195
2261
2194
2196
2262
2195
2197
2263
2198
2264
2197
2199
2265
2198
2200
2266
2201
2267
2200
2202
2268
2201
2203
2269
2204
2270
2203
2205
2271
2204
2206
2272
2207
2273
2206
2208
2274
2207
2209
2275
2210
2276
2209
2211
2277
2210
2212
2278
2213
2279
2212
2214
2280
2213
2215
2281
2216
2282
2215
2217
2283
2216
2218
2284
2219
2285
2218
2220
2286
2219
2221
2287
2222
2288
2221
2223
2289
2222
2224
2290
2225
2291
2224
2226
2292
2225
2227
2293
2228
2294
2227
2229
2295
2228
2230
2296
2231
2297
2230
2232
2298
2231
2233
2299
2234
2300
2233
2235
2301
2234
2236
2302
2237
2303
2236
2238
2304
2237
2239
2305
2240
2306
2239
2307
3543
2240
2308
3544
2309
3545
2242
2244
2310
2243
2245
2311
2246
2312
2245
2247
2313
2246
2248
2314
2249
2315
2248
2250
2316
2249
2251
2317
2252
2318
2251
2253
2319
2252
2254
2320
2255
2321
2254
2256
2322
2255
2257
2323
2258
2324
2257
2259
2325
2258
2260
2326
2261
2327
2260
2262
2328
2261
2263
2329
2264
2330
2263
2265
2331
2264
2266
2332
2267
2333
2266
2268
2334
2267
2269
2335
2270
2336
2269
2271
2337
2270
2272
2338
2273
2339
2272
2274
2340
2273
2275
2341
2276
2342
2275
2277
2343
2276
2278
2344
2279
2345
2278
2280
2346
2279
2281
2347
2282
2348
2281
2283
2349
2282
2284
2350
2285
2351
2284
2286
2352
2285
2287
2353
2288
2354
2287
2289
2355
2288
2290
2356
2291
2357
2290
2292
2358
2291
2293
2359
2294
2360
2293
2295
2361
2294
2296
2362
2297
2363
2296
2298
2364
2297
2299
2365
2300
2366
2299
2301
2367
2300
2302
2368
2303
2369
2302
2304
2370
2303
2305
2371
2306
2372
2305
2307
2373
2306
2308
2374
2309
2375
2308
2376
3558
2309
2377
3559
2378
3560
2311
2313
2379
2312
2314
2380
2315
2381
2314
2316
2382
2315
2317
2383
2318
2384
2317
2319
2385
2318
2320
2386
2321
2387
2320
2322
2388
2321
2323
2389
2324
2390
2323
2325
2391
2324
2326
2392
2327
2393
2326
2328
2394
2327
2329
2395
2330
2396
2329
2331
2397
2330
2332
2398
2333
2399
2332
2334
2400
2333
2335
2401
2336
2402
2335
2337
2403
2336
2338
2404
2339
2405
2338
2340
2406
2339
2341
2407
2342
2408
2341
2343
2409
2342
2344
2410
2345
2411
2344
2346
2412
2345
2347
2413
2348
2414
2347
2349
2415
2348
2350
2416
2351
2417
2350
2352
2418
2351
2353
2419
2354
2420
2353
2355
2421
2354
2356
2422
2357
2423
2356
2358
2424
2357
2359
2425
2360
2426
2359
2361
2427
2360
2362
2428
2363
2429
2362
2364
2430
2363
2365
2431
2366
2432
2365
2367
2433
2366
2368
2434
2369
2435
2368
2370
2436
2369
2371
2437
2372
2438
2371
2373
2439
2372
2374
2440
2375
2441
2374
2376
2442
2375
2377
2443
2378
2444
2377
2445
3573
2378
2446
3574
2447
3575
2380
2382
2448
2381
2383
2449
2384
2450
2383
2385
2451
2384
2386
2452
2387
2453
2386
2388
2454
2387
2389
2455
2390
2456
2389
2391
2457
2390
2392
2458
2393
2459
2392
2394
2460
2393
2395
2461
2396
2462
2395
2397
2463
2396
2398
2464
2399
2465
2398
2400
2466
2399
2401
2467
2402
2468
2401
2403
2469
2402
2404
2470
2405
2471
2404
2406
2472
2405
2407
2473
2408
2474
2407
2409
2475
2408
2410
2476
2411
2477
2410
2412
2478
2411
2413
2479
2414
2480
2413
2415
2481
2414
2416
2482
2417
2483
2416
2418
2484
2417
2419
2485
2420
2486
2419
2421
2487
2420
2422
2488
2423
2489
2422
2424
2490
2423
2425
2491
2426
2492
2425
2427
2493
2426
2428
2494
2429
2495
2428
2430
2496
2429
2431
2497
2432
2498
2431
2433
2499
2432
2434
2500
2435
2501
2434
2436
2502
2435
2437
2503
2438
2504
2437
2439
2505
2438
2440
2506
2441
2507
2440
2442
2508
2441
2443
2509
2444
2510
2443
2445
2511
2444
2446
2512
2447
2513
2446
2514
3588
2447
2515
3589
2516
3590
2449
2451
2517
2450
2452
2518
2453
2519
2452
2454
2520
2453
2455
2521
2456
2522
2455
2457
2523
2456
2458
2524
2459
2525
2458
2460
2526
2459
2461
2527
2462
2528
2461
2463
2529
2462
2464
2530
2465
2531
2464
2466
2532
2465
2467
2533
2468
2534
2467
2469
2535
2468
2470
2536
2471
2537
2470
2472
2538
2471
2473
2539
2474
2540
2473
2475
2541
2474
2476
2542
2477
2543
2476
2478
2544
2477
2479
2545
2480
2546
2479
2481
2547
2480
2482
2548
2483
2549
2482
2484
2550
2483
2485
2551
2486
2552
2485
2487
2553
2486
2488
2554
2489
2555
2488
2490
2556
2489
2491
2557
2492
2558
2491
2493
2559
2492
2494
2560
2495
2561
2494
2496
2562
2495
2497
2563
2498
2564
2497
2499
2565
2498
2500
2566
2501
2567
2500
2502
2568
2501
2503
2569
2504
2570
2503
2505
2571
2504
2506
2572
2507
2573
2506
2508
2574
2507
2509
2575
2510
2576
2509
2511
2577
2510
2512
2578
2513
2579
2512
2514
2580
2513
2515
2581
2516
2582
2515
2583
3603
2516
2584
3604
2585
3605
2518
2520
2586
2519
2521
2587
2522
2588
2521
2523
2589
2522
2524
2590
2525
2591
2524
2526
2592
2525
2527
2593
2528
2594
2527
2529
2595
2528
2530
2596
2531
2597
2530
2532
2598
2531
2533
2599
2534
2600
2533
2535
2601
2534
2536
2602
2537
2603
2536
2538
2604
2537
2539
2605
2540
2606
2539
2541
2607
2540
2542
2608
2543
2609
2542
2544
2610
2543
2545
2611
2546
2612
2545
2547
2613
2546
2548
2614
2549
2615
2548
2550
2616
2549
2551
2617
2552
2618
2551
2553
2619
2552
2554
2620
2555
2621
2554
2556
2622
2555
2557
2623
2558
2624
2557
2559
2625
2558
2560
2626
2561
2627
2560
2562
2628
2561
2563
2629
2564
2630
2563
2565
2631
2564
2566
2632
2567
2633
2566
2568
2634
2567
2569
2635
2570
2636
2569
2571
2637
2570
2572
2638
2573
2639
2572
2574
2640
2573
2575
2641
2576
2642
2575
2577
2643
2576
2578
2644
2579
2645
2578
2580
2646
2579
2581
2647
2582
2648
2581
2583
2649
2582
2584
2650
2585
2651
2584
2652
3618
2585
2653
3619
2654
3620
2587
2589
2655
2588
2590
2656
2591
2657
2590
2592
2658
2591
2593
2659
2594
2660
2593
2595
2661
2594
2596
2662
2597
2663
2596
2598
2664
2597
2599
2665
2600
2666
2599
2601
2667
2600
2602
2668
2603
2669
2602
2604
2670
2603
2605
2671
2606
2672
2605
2607
2673
2606
2608
2674
2609
2675
2608
2610
2676
2609
2611
2677
2612
2678
2611
2613
2679
2612
2614
2680
2615
2681
2614
2616
2682
2615
2617
2683
2618
2684
2617
2619
2685
2618
2620
2686
2621
2687
2620
2622
2688
2621
2623
2689
2624
2690
2623
2625
2691
2624
2626
2692
2627
2693
2626
2628
2694
2627
2629
2695
2630
2696
2629
2631
2697
2630
2632
2698
2633
2699
2632
2634
2700
2633
2635
2701
2636
2702
2635
2637
2703
2636
2638
2704
2639
2705
2638
2640
2706
2639
2641
2707
2642
2708
2641
2643
2709
2642
2644
2710
2645
2711
2644
2646
2712
2645
2647
2713
2648
2714
2647
2649
2715
2648
2650
2716
2651
2717
2650
2652
2718
2651
2653
2719
2654
2720
2653
2721
3633
2654
2722
3634
2723
3635
2656
2658
2724
2657
2659
2725
2660
2726
2659
2661
2727
2660
2662
2728
2663
2729
2662
2664
2730
2663
2665
2731
2666
2732
2665
2667
2733
2666
2668
2734
2669
2735
2668
2670
2736
2669
2671
2737
2672
2738
2671
2673
2739
2672
2674
2740
2675
2741
2674
2676
2742
2675
2677
2743
2678
2744
2677
2679
2745
2678
2680
2746
2681
2747
2680
2682
2748
2681
2683
2749
2684
2750
2683
2685
2751
2684
2686
2752
2687
2753
2686
2688
2754
2687
2689
2755
2690
2756
2689
2691
2757
2690
2692
2758
2693
2759
2692
2694
2760
2693
2695
2761
2696
2762
2695
2697
2763
2696
2698
2764
2699
2765
2698
2700
2766
2699
2701
2767
2702
2768
2701
2703
2769
2702
2704
2770
2705
2771
2704
2706
2772
2705
2707
2773
2708
2774
2707
2709
2775
2708
2710
2776
2711
2777
2710
2712
2778
2711
2713
2779
2714
2780
2713
2715
2781
2714
2716
2782
2717
2783
2716
2718
2784
2717
2719
2785
2720
2786
2719
2721
2787
2720
2722
2788
2723
2789
2722
2790
3648
2723
2791
3649
2792
3650
2725
2727
2793
2726
2728
2794
2729
2795
2728
2730
2796
2729
2731
2797
2732
2798
2731
2733
2799
2732
2734
2800
2735
2801
2734
2736
2802
2735
2737
2803
2738
2804
2737
2739
2805
2738
2740
2806
2741
2807
2740
2742
2808
2741
2743
2809
2744
2810
2743
2745
2811
2744
2746
2812
2747
2813
2746
2748
2814
2747
2749
2815
2750
2816
2749
2751
2817
2750
2752
2818
2753
2819
2752
2754
2820
2753
2755
2821
2756
2822
2755
2757
2823
2756
2758
2824
2759
2825
2758
2760
2826
2759
2761
2827
2762
2828
2761
2763
2829
2762
2764
2830
2765
2831
2764
2766
2832
2765
2767
2833
2768
2834
2767
2769
2835
2768
2770
2836
2771
2837
2770
2772
2838
2771
2773
2839
2774
2840
2773
2775
2841
2774
2776
2842
2777
2843
2776
2778
2844
2777
2779
2845
2780
2846
2779
2781
2847
2780
2782
2848
2783
2849
2782
2784
2850
2783
2785
2851
2786
2852
2785
2787
2853
2786
2788
2854
2789
2855
2788
2790
2856
2789
2791
2857
2792
2858
2791
2859
3663
2792
2860
3664
2861
3665
2794
2796
2862
2795
2797
2863
2798
2864
2797
2799
2865
2798
2800
2866
2801
2867
2800
2802
2868
2801
2803
2869
2804
2870
2803
2805
2871
2804
2806
2872
2807
2873
2806
2808
2874
2807
2809
2875
2810
2876
2809
2811
2877
2810
2812
2878
2813
2879
2812
2814
2880
2813
2815
2881
2816
2882
2815
2817
2883
2816
2818
2884
2819
2885
2818
2820
2886
2819
2821
2887
2822
2888
2821
2823
2889
2822
2824
2890
2825
2891
2824
2826
2892
2825
2827
2893
2828
2894
2827
2829
2895
2828
2830
2896
2831
2897
2830
2832
2898
2831
2833
2899
2834
2900
2833
2835
2901
2834
2836
2902
2837
2903
2836
2838
2904
2837
2839
2905
2840
2906
2839
2841
2907
2840
2842
2908
2843
2909
2842
2844
2910
2843
2845
2911
2846
2912
2845
2847
2913
2846
2848
2914
2849
2915
2848
2850
2916
2849
2851
2917
2852
2918
2851
2853
2919
2852
2854
2920
2855
2921
2854
2856
2922
2855
2857
2923
2858
2924
2857
2859
2925
2858
2860
2926
2861
2927
2860
2928
3678
2861
2929
3679
2930
3680
2863
2865
2931
2864
2866
2932
2867
2933
2866
2868
2934
2867
2869
2935
2870
2936
2869
2871
2937
2870
2872
2938
2873
2939
2872
2874
2940
2873
2875
2941
2876
2942
2875
2877
2943
2876
2878
2944
2879
2945
2878
2880
2946
2879
2881
2947
2882
2948
2881
2883
2949
2882
2884
2950
2885
2951
2884
2886
2952
2885
2887
2953
2888
2954
2887
2889
2955
2888
2890
2956
2891
2957
2890
2892
2958
2891
2893
2959
2894
2960
2893
2895
2961
2894
2896
2962
2897
2963
2896
2898
2964
2897
2899
2965
2900
2966
2899
2901
2967
2900
2902
2968
2903
2969
2902
2904
2970
2903
2905
2971
2906
2972
2905
2907
2973
2906
2908
2974
2909
2975
2908
2910
2976
2909
2911
2977
2912
2978
2911
2913
2979
2912
2914
2980
2915
2981
2914
2916
2982
2915
2917
2983
2918
2984
2917
2919
2985
2918
2920
2986
2921
2987
2920
2922
2988
2921
2923
2989
2924
2990
2923
2925
2991
2924
2926
2992
2927
2993
2926
2928
2994
2927
2929
2995
2930
2996
2929
2997
3693
2930
2998
3694
2999
3695
2932
2934
3000
2933
2935
3001
2936
3002
2935
2937
3003
2936
2938
3004
2939
3005
2938
2940
3006
2939
2941
3007
2942
3008
2941
2943
3009
2942
2944
3010
2945
3011
2944
2946
3012
2945
2947
3013
2948
3014
2947
2949
3015
2948
2950
3016
2951
3017
2950
2952
3018
2951
2953
3019
2954
3020
2953
2955
3021
2954
2956
3022
2957
3023
2956
2958
3024
2957
2959
3025
2960
3026
2959
2961
3027
2960
2962
3028
2963
3029
2962
2964
3030
2963
2965
3031
2966
3032
2965
2967
3033
2966
2968
3034
2969
3035
2968
2970
3036
2969
2971
3037
2972
3038
2971
2973
3039
2972
2974
3040
2975
3041
2974
2976
3042
2975
2977
3043
2978
3044
2977
2979
3045
2978
2980
3046
2981
3047
2980
2982
3048
2981
2983
3049
2984
3050
2983
2985
3051
2984
2986
3052
2987
3053
2986
2988
3054
2987
2989
3055
2990
3056
2989
2991
3057
2990
2992
3058
2993
3059
2992
2994
3060
2993
2995
3061
2996
3062
2995
2997
3063
2996
2998
3064
2999
3065
2998
3066
3708
2999
3067
3709
3068
3710
3001
3003
3069
3002
3004
3070
3005
3071
3004
3006
3072
3005
3007
3073
3008
3074
3007
3009
3075
3008
3010
3076
3011
3077
3010
3012
3078
3011
3013
3079
3014
3080
3013
3015
3081
3014
3016
3082
3017
3083
3016
3018
3084
3017
3019
3085
3020
3086
3019
3021
3087
3020
3022
3088
3023
3089
3022
3024
3090
3023
3025
3091
3026
3092
3025
3027
3093
3026
3028
3094
3029
3095
3028
3030
3096
3029
3031
3097
3032
3098
3031
3033
3099
3032
3034
3100
3035
3101
3034
3036
3102
3035
3037
3103
3038
3104
3037
3039
3105
3038
3040
3106
3041
3107
3040
3042
3108
3041
3043
3109
3044
3110
3043
3045
3111
3044
3046
3112
3047
3113
3046
3048
3114
3047
3049
3115
3050
3116
3049
3051
3117
3050
3052
3118
3053
3119
3052
3054
3120
3053
3055
3121
3056
3122
3055
3057
3123
3056
3058
3124
3059
3125
3058
3060
3126
3059
3061
3127
3062
3128
3061
3063
3129
3062
3064
3130
3065
3131
3064
3066
3132
3065
3067
3133
3068
3134
3067
3135
3723
3068
3136
3724
3137
3725
3070
3072
3138
3071
3073
3139
3074
3140
3073
3075
3141
3074
3076
3142
3077
3143
3076
3078
3144
3077
3079
3145
3080
3146
3079
3081
3147
3080
3082
3148
3083
3149
3082
3084
3150
3083
3085
3151
3086
3152
3085
3087
3153
3086
3088
3154
3089
3155
3088
3090
3156
3089
3091
3157
3092
3158
3091
3093
3159
3092
3094
3160
3095
3161
3094
3096
3162
3095
3097
3163
3098
3164
3097
3099
3165
3098
3100
3166
3101
3167
3100
3102
3168
3101
3103
3169
3104
3170
3103
3105
3171
3104
3106
3172
3107
3173
3106
3108
3174
3107
3109
3175
3110
3176
3109
3111
3177
3110
3112
3178
3113
3179
3112
3114
3180
3113
3115
3181
3116
3182
3115
3117
3183
3116
3118
3184
3119
3185
3118
3120
3186
3119
3121
3187
3122
3188
3121
3123
3189
3122
3124
3190
3125
3191
3124
3126
3192
3125
3127
3193
3128
3194
3127
3129
3195
3128
3130
3196
3131
3197
3130
3132
3198
3131
3133
3199
3134
3200
3133
3135
3201
3134
3136
3202
3137
3203
3136
3204
3738
3137
3205
3739
3206
3740
3139
3141
3207
3140
3142
3208
3143
3209
3142
3144
3210
3143
3145
3211
3146
3212
3145
3147
3213
3146
3148
3214
3149
3215
3148
3150
3216
3149
3151
3217
3152
3218
3151
3153
3219
3152
3154
3220
3155
3221
3154
3156
3222
3155
3157
3223
3158
3224
3157
3159
3225
3158
3160
3226
3161
3227
3160
3162
3228
3161
3163
3229
3164
3230
3163
3165
3231
3164
3166
3232
3167
3233
3166
3168
3234
3167
3169
3235
3170
3236
3169
3171
3237
3170
3172
3238
3173
3239
3172
3174
3240
3173
3175
3241
3176
3242
3175
3177
3243
3176
3178
3244
3179
3245
3178
3180
3246
3179
3181
3247
3182
3248
3181
3183
3249
3182
3184
3250
3185
3251
3184
3186
3252
3185
3187
3253
3188
3254
3187
3189
3255
3188
3190
3256
3191
3257
3190
3192
3258
3191
3193
3259
3194
3260
3193
3195
3261
3194
3196
3262
3197
3263
3196
3198
3264
3197
3199
3265
3200
3266
3199
3201
3267
3200
3202
3268
3203
3269
3202
3204
3270
3203
3205
3271
3206
3272
3205
3273
3206
3274
3275
3208
3210
3276
3209
3211
3277
3212
3278
3211
3213
3279
3212
3214
3280
3215
3281
3214
3216
3282
3215
3217
3283
3218
3284
3217
3219
3285
3218
3220
3286
3221
3287
3220
3222
3288
3221
3223
3289
3224
3290
3223
3225
3291
3224
3226
3292
3227
3293
3226
3228
3294
3227
3229
3295
3230
3296
3229
3231
3297
3230
3232
3298
3233
3299
3232
3234
3300
3233
3235
3301
3236
3302
3235
3237
3303
3236
3238
3304
3239
3305
3238
3240
3306
3239
3241
3307
3242
3308
3241
3243
3309
3242
3244
3310
3245
3311
3244
3246
3312
3245
3247
3313
3248
3314
3247
3249
3315
3248
3250
3316
3251
3317
3250
3252
3318
3251
3253
3319
3254
3320
3253
3255
3321
3254
3256
3322
3257
3323
3256
3258
3324
3257
3259
3325
3260
3326
3259
3261
3327
3260
3262
3328
3263
3329
3262
3264
3330
3263
3265
3331
3266
3332
3265
3267
3333
3266
3268
3334
3269
3335
3268
3270
3336
3269
3271
3337
3272
3338
3271
3273
3339
3272
3274
3340
3275
3341
3274
3342
3275
3343
3344
3277
3279
3345
3278
3280
3346
3281
3347
3280
3282
3348
3281
3283
3349
3284
3350
3283
3285
3351
3284
3286
3352
3287
3353
3286
3288
3354
3287
3289
3355
3290
3356
3289
3291
3357
3290
3292
3358
3293
3359
3292
3294
3360
3293
3295
3361
3296
3362
3295
3297
3363
3296
3298
3364
3299
3365
3298
3300
3366
3299
3301
3367
3302
3368
3301
3303
3369
3302
3304
3370
3305
3371
3304
3306
3372
3305
3307
3373
3308
3374
3307
3309
3375
3308
3310
3376
3311
3377
3310
3312
3378
3311
3313
3379
3314
3380
3313
3315
3381
3314
3316
3382
3317
3383
3316
3318
3384
3317
3319
3385
3320
3386
3319
3321
3387
3320
3322
3388
3323
3389
3322
3324
3390
3323
3325
3391
3326
3392
3325
3327
3393
3326
3328
3394
3329
3395
3328
3330
3396
3329
3331
3397
3332
3398
3331
3333
3399
3332
3334
3400
3335
3401
3334
3336
3402
3335
3337
3403
3338
3404
3337
3339
3405
3338
3340
3406
3341
3407
3340
3342
3408
3341
3343
3409
3344
3410
3343
3411
3344
3412
3413
3346
3348
3414
3347
3349
3415
3350
3416
3349
3351
3417
3350
3352
3418
3353
3419
3352
3354
3420
3353
3355
3421
3356
3422
3355
3357
3423
3356
3358
3424
3359
3425
3358
3360
3426
3359
3361
3427
3362
3428
3361
3363
3429
3362
3364
3430
3365
3431
3364
3366
3432
3365
3367
3433
3368
3434
3367
3369
3435
3368
3370
3436
3371
3437
3370
3372
3438
3371
3373
3439
3374
3440
3373
3375
3441
3374
3376
3442
3377
3443
3376
3378
3444
3377
3379
3445
3380
3446
3379
3381
3447
3380
3382
3448
3383
3449
3382
3384
3450
3383
3385
3451
3386
3452
3385
3387
3453
3386
3388
3454
3389
3455
3388
3390
3456
3389
3391
3457
3392
3458
3391
3393
3459
3392
3394
3460
3395
3461
3394
3396
3462
3395
3397
3463
3398
3464
3397
3399
3465
3398
3400
3466
3401
3467
3400
3402
3468
3401
3403
3469
3404
3470
3403
3405
3471
3404
3406
3472
3407
3473
3406
3408
3474
3407
3409
3475
3410
3476
3409
3411
3477
3410
3412
3478
3413
3479
3412
3480
3413
3481
3482
3415
3417
3416
3418
3419
3418
3420
3419
3421
3422
3421
3423
3422
3424
3425
3424
3426
3425
3427
3428
3427
3429
3428
3430
3431
3430
3432
3431
3433
3434
3433
3435
3434
3436
3437
3436
3438
3437
3439
3440
3439
3441
3440
3442
3443
3442
3444
3443
3445
3446
3445
3447
3446
3448
3449
3448
3450
3449
3451
3452
3451
3453
3452
3454
3455
3454
3456
3455
3457
3458
3457
3459
3458
3460
3461
3460
3462
3461
3463
3464
3463
3465
3464
3466
3467
3466
3468
3467
3469
3470
3469
3471
3470
3472
3473
3472
3474
3473
3475
3476
3475
3477
3476
3478
3479
3478
3480
3479
3481
3482
3481
3482
3484
3486
3498
3485
3487
3499
3488
3500
3487
3489
3501
3488
3490
3502
3491
3503
3490
3492
3504
3491
3493
3505
3494
3506
3493
3495
3507
3494
3496
3508
3497
3509
3496
3510
3497
3511
3512
3499
3501
3513
3500
3502
3514
3503
3515
3502
3504
3516
3503
3505
3517
3506
3518
3505
3507
3519
3506
3508
3520
3509
3521
3508
3510
3522
3509
3511
3523
3512
3524
3511
3525
3512
3526
3527
3514
3516
3528
3515
3517
3529
3518
3530
3517
3519
3531
3518
3520
3532
3521
3533
3520
3522
3534
3521
3523
3535
3524
3536
3523
3525
3537
3524
3526
3538
3527
3539
3526
3540
3527
3541
3542
3529
3531
3543
3530
3532
3544
3533
3545
3532
3534
3546
3533
3535
3547
3536
3548
3535
3537
3549
3536
3538
3550
3539
3551
3538
3540
3552
3539
3541
3553
3542
3554
3541
3555
3542
3556
3557
3544
3546
3558
3545
3547
3559
3548
3560
3547
3549
3561
3548
3550
3562
3551
3563
3550
3552
3564
3551
3553
3565
3554
3566
3553
3555
3567
3554
3556
3568
3557
3569
3556
3570
3557
3571
3572
3559
3561
3573
3560
3562
3574
3563
3575
3562
3564
3576
3563
3565
3577
3566
3578
3565
3567
3579
3566
3568
3580
3569
3581
3568
3570
3582
3569
3571
3583
3572
3584
3571
3585
3572
3586
3587
3574
3576
3588
3575
3577
3589
3578
3590
3577
3579
3591
3578
3580
3592
3581
3593
3580
3582
3594
3581
3583
3595
3584
3596
3583
3585
3597
3584
3586
3598
3587
3599
3586
3600
3768
3587
3601
3769
3602
3770
3589
3591
3603
3590
3592
3604
3593
3605
3592
3594
3606
3593
3595
3607
3596
3608
3595
3597
3609
3596
3598
3610
3599
3611
3598
3600
3612
3599
3601
3613
3602
3614
3601
3615
3765
3602
3616
3766
3617
3767
3604
3606
3618
3605
3607
3619
3608
3620
3607
3609
3621
3608
3610
3622
3611
3623
3610
3612
3624
3611
3613
3625
3614
3626
3613
3615
3627
3614
3616
3628
3617
3629
3616
3630
3762
3617
3631
3763
3632
3764
3619
3621
3633
3620
3622
3634
3623
3635
3622
3624
3636
3623
3625
3637
3626
3638
3625
3627
3639
3626
3628
3640
3629
3641
3628
3630
3642
3629
3631
3643
3632
3644
3631
3645
3759
3632
3646
3760
3647
3761
3634
3636
3648
3635
3637
3649
3638
3650
3637
3639
3651
3638
3640
3652
3641
3653
3640
3642
3654
3641
3643
3655
3644
3656
3643
3645
3657
3644
3646
3658
3647
3659
3646
3660
3756
3647
3661
3757
3662
3758
3649
3651
3663
3650
3652
3664
3653
3665
3652
3654
3666
3653
3655
3667
3656
3668
3655
3657
3669
3656
3658
3670
3659
3671
3658
3660
3672
3659
3661
3673
3662
3674
3661
3675
3753
3662
3676
3754
3677
3755
3664
3666
3678
3665
3667
3679
3668
3680
3667
3669
3681
3668
3670
3682
3671
3683
3670
3672
3684
3671
3673
3685
3674
3686
3673
3675
3687
3674
3676
3688
3677
3689
3676
3690
3677
3691
3692
3679
3681
3693
3680
3682
3694
3683
3695
3682
3684
3696
3683
3685
3697
3686
3698
3685
3687
3699
3686
3688
3700
3689
3701
3688
3690
3702
3689
3691
3703
3692
3704
3691
3705
3692
3706
3707
3694
3696
3708
3695
3697
3709
3698
3710
3697
3699
3711
3698
3700
3712
3701
3713
3700
3702
3714
3701
3703
3715
3704
3716
3703
3705
3717
3704
3706
3718
3707
3719
3706
3720
3707
3721
3722
3709
3711
3723
3710
3712
3724
3713
3725
3712
3714
3726
3713
3715
3727
3716
3728
3715
3717
3729
3716
3718
3730
3719
3731
3718
3720
3732
3719
3721
3733
3722
3734
3721
3735
3722
3736
3737
3724
3726
3738
3725
3727
3739
3728
3740
3727
3729
3741
3728
3730
3742
3731
3743
3730
3732
3744
3731
3733
3745
3734
3746
3733
3735
3747
3734
3736
3748
3737
3749
3736
3750
3737
3751
3752
3739
3741
3740
3742
3743
3742
3744
3743
3745
3746
3745
3747
3746
3748
3749
3748
3750
3749
3751
3752
3751
3752
3754
3756
3771
3755
3757
3772
3758
3773
3757
3759
3774
3758
3760
3775
3761
3776
3760
3762
3777
3761
3763
3778
3764
3779
3763
3765
3780
3764
3766
3781
3767
3782
3766
3768
3783
3767
3769
3784
3770
3785
3769
3786
3770
3787
3788
3772
3774
3789
3773
3775
3790
3776
3791
3775
3777
3792
3776
3778
3793
3779
3794
3778
3780
3795
3779
3781
3796
3782
3797
3781
3783
3798
3782
3784
3799
3785
3800
3784
3786
3801
3785
3787
3802
3788
3803
3787
3804
3788
3805
3806
3790
3792
3807
3791
3793
3808
3794
3809
3793
3795
3810
3794
3796
3811
3797
3812
3796
3798
3813
3797
3799
3814
3800
3815
3799
3801
3816
3800
3802
3817
3803
3818
3802
3804
3819
3803
3805
3820
3806
3821
3805
3822
3806
3823
3824
3808
3810
3825
3809
3811
3826
3812
3827
3811
3813
3828
3812
3814
3829
3815
3830
3814
3816
3831
3815
3817
3832
3818
3833
3817
3819
3834
3818
3820
3835
3821
3836
3820
3822
3837
3821
3823
3838
3824
3839
3823
3840
3824
3841
3842
3826
3828
3827
3829
3830
3829
3831
3830
3832
3833
3832
3834
3833
3835
3836
3835
3837
3836
3838
3839
3838
3840
3839
3841
3842
3841
3842
)


// ************************************************************************* //
