/*--------------------------------*- C++ -*----------------------------------*\
  =========                 |
  \\      /  F ield         | OpenFOAM: The Open Source CFD Toolbox
   \\    /   O peration     | Website:  https://openfoam.org
    \\  /    A nd           | Version:  9
     \\/     M anipulation  |
\*---------------------------------------------------------------------------*/
FoamFile
{
    format      ascii;
    class       labelList;
    note        "nPoints: 3036 nCells: 2250 nFaces: 7475 nInternalFaces: 6025";
    location    "constant/polyMesh";
    object      neighbour;
}
// * * * * * * * * * * * * * * * * * * * * * * * * * * * * * * * * * * * * * //


6025
(
1
10
450
2
11
451
3
12
452
4
13
453
5
14
454
6
15
455
7
16
456
8
17
457
9
18
458
19
459
11
20
460
12
21
461
13
22
462
14
23
463
15
24
464
16
25
465
17
26
466
18
27
467
19
28
468
29
469
21
30
470
22
31
471
23
32
472
24
33
473
25
34
474
26
35
475
27
36
476
28
37
477
29
38
478
39
479
31
40
480
32
41
481
33
42
482
34
43
483
35
44
484
36
45
485
37
46
486
38
47
487
39
48
488
49
489
41
50
490
42
51
491
43
52
492
44
53
493
45
54
494
46
55
495
47
56
496
48
57
497
49
58
498
59
499
51
60
500
52
61
501
53
62
502
54
63
503
55
64
504
56
65
505
57
66
506
58
67
507
59
68
508
69
509
61
70
510
62
71
511
63
72
512
64
73
513
65
74
514
66
75
515
67
76
516
68
77
517
69
78
518
79
519
71
80
520
72
81
521
73
82
522
74
83
523
75
84
524
76
85
525
77
86
526
78
87
527
79
88
528
89
529
81
90
530
82
91
531
83
92
532
84
93
533
85
94
534
86
95
535
87
96
536
88
97
537
89
98
538
99
539
91
100
540
92
101
541
93
102
542
94
103
543
95
104
544
96
105
545
97
106
546
98
107
547
99
108
548
109
549
101
110
550
102
111
551
103
112
552
104
113
553
105
114
554
106
115
555
107
116
556
108
117
557
109
118
558
119
559
111
120
560
112
121
561
113
122
562
114
123
563
115
124
564
116
125
565
117
126
566
118
127
567
119
128
568
129
569
121
130
570
122
131
571
123
132
572
124
133
573
125
134
574
126
135
575
127
136
576
128
137
577
129
138
578
139
579
131
140
580
132
141
581
133
142
582
134
143
583
135
144
584
136
145
585
137
146
586
138
147
587
139
148
588
149
589
141
150
590
142
151
591
143
152
592
144
153
593
145
154
594
146
155
595
147
156
596
148
157
597
149
158
598
159
599
151
160
600
152
161
601
153
162
602
154
163
603
155
164
604
156
165
605
157
166
606
158
167
607
159
168
608
169
609
161
170
610
162
171
611
163
172
612
164
173
613
165
174
614
166
175
615
167
176
616
168
177
617
169
178
618
179
619
171
180
620
172
181
621
173
182
622
174
183
623
175
184
624
176
185
625
177
186
626
178
187
627
179
188
628
189
629
181
190
630
182
191
631
183
192
632
184
193
633
185
194
634
186
195
635
187
196
636
188
197
637
189
198
638
199
639
191
200
640
192
201
641
193
202
642
194
203
643
195
204
644
196
205
645
197
206
646
198
207
647
199
208
648
209
649
201
210
650
202
211
651
203
212
652
204
213
653
205
214
654
206
215
655
207
216
656
208
217
657
209
218
658
219
659
211
220
660
212
221
661
213
222
662
214
223
663
215
224
664
216
225
665
217
226
666
218
227
667
219
228
668
229
669
221
230
670
222
231
671
223
232
672
224
233
673
225
234
674
226
235
675
227
236
676
228
237
677
229
238
678
239
679
231
240
680
232
241
681
233
242
682
234
243
683
235
244
684
236
245
685
237
246
686
238
247
687
239
248
688
249
689
241
250
690
242
251
691
243
252
692
244
253
693
245
254
694
246
255
695
247
256
696
248
257
697
249
258
698
259
699
251
260
700
252
261
701
253
262
702
254
263
703
255
264
704
256
265
705
257
266
706
258
267
707
259
268
708
269
709
261
270
710
262
271
711
263
272
712
264
273
713
265
274
714
266
275
715
267
276
716
268
277
717
269
278
718
279
719
271
280
720
272
281
721
273
282
722
274
283
723
275
284
724
276
285
725
277
286
726
278
287
727
279
288
728
289
729
281
290
730
282
291
731
283
292
732
284
293
733
285
294
734
286
295
735
287
296
736
288
297
737
289
298
738
299
739
291
300
740
292
301
741
293
302
742
294
303
743
295
304
744
296
305
745
297
306
746
298
307
747
299
308
748
309
749
301
310
750
302
311
751
303
312
752
304
313
753
305
314
754
306
315
755
307
316
756
308
317
757
309
318
758
319
759
311
320
760
312
321
761
313
322
762
314
323
763
315
324
764
316
325
765
317
326
766
318
327
767
319
328
768
329
769
321
330
770
322
331
771
323
332
772
324
333
773
325
334
774
326
335
775
327
336
776
328
337
777
329
338
778
339
779
331
340
780
332
341
781
333
342
782
334
343
783
335
344
784
336
345
785
337
346
786
338
347
787
339
348
788
349
789
341
350
790
342
351
791
343
352
792
344
353
793
345
354
794
346
355
795
347
356
796
348
357
797
349
358
798
359
799
351
360
800
352
361
801
353
362
802
354
363
803
355
364
804
356
365
805
357
366
806
358
367
807
359
368
808
369
809
361
370
810
362
371
811
363
372
812
364
373
813
365
374
814
366
375
815
367
376
816
368
377
817
369
378
818
379
819
371
380
820
372
381
821
373
382
822
374
383
823
375
384
824
376
385
825
377
386
826
378
387
827
379
388
828
389
829
381
390
830
382
391
831
383
392
832
384
393
833
385
394
834
386
395
835
387
396
836
388
397
837
389
398
838
399
839
391
400
840
392
401
841
393
402
842
394
403
843
395
404
844
396
405
845
397
406
846
398
407
847
399
408
848
409
849
401
410
850
402
411
851
403
412
852
404
413
853
405
414
854
406
415
855
407
416
856
408
417
857
409
418
858
419
859
411
420
860
412
421
861
413
422
862
414
423
863
415
424
864
416
425
865
417
426
866
418
427
867
419
428
868
429
869
421
430
870
422
431
871
423
432
872
424
433
873
425
434
874
426
435
875
427
436
876
428
437
877
429
438
878
439
879
431
440
880
432
441
881
433
442
882
434
443
883
435
444
884
436
445
885
437
446
886
438
447
887
439
448
888
449
889
441
890
442
891
443
892
444
893
445
894
446
895
447
896
448
897
449
898
899
451
460
900
452
461
901
453
462
902
454
463
903
455
464
904
456
465
905
457
466
906
458
467
907
459
468
908
469
909
461
470
910
462
471
911
463
472
912
464
473
913
465
474
914
466
475
915
467
476
916
468
477
917
469
478
918
479
919
471
480
920
472
481
921
473
482
922
474
483
923
475
484
924
476
485
925
477
486
926
478
487
927
479
488
928
489
929
481
490
930
482
491
931
483
492
932
484
493
933
485
494
934
486
495
935
487
496
936
488
497
937
489
498
938
499
939
491
500
940
492
501
941
493
502
942
494
503
943
495
504
944
496
505
945
497
506
946
498
507
947
499
508
948
509
949
501
510
950
502
511
951
503
512
952
504
513
953
505
514
954
506
515
955
507
516
956
508
517
957
509
518
958
519
959
511
520
960
512
521
961
513
522
962
514
523
963
515
524
964
516
525
965
517
526
966
518
527
967
519
528
968
529
969
521
530
970
522
531
971
523
532
972
524
533
973
525
534
974
526
535
975
527
536
976
528
537
977
529
538
978
539
979
531
540
980
532
541
981
533
542
982
534
543
983
535
544
984
536
545
985
537
546
986
538
547
987
539
548
988
549
989
541
550
990
542
551
991
543
552
992
544
553
993
545
554
994
546
555
995
547
556
996
548
557
997
549
558
998
559
999
551
560
1000
552
561
1001
553
562
1002
554
563
1003
555
564
1004
556
565
1005
557
566
1006
558
567
1007
559
568
1008
569
1009
561
570
1010
562
571
1011
563
572
1012
564
573
1013
565
574
1014
566
575
1015
567
576
1016
568
577
1017
569
578
1018
579
1019
571
580
1020
572
581
1021
573
582
1022
574
583
1023
575
584
1024
576
585
1025
577
586
1026
578
587
1027
579
588
1028
589
1029
581
590
1030
582
591
1031
583
592
1032
584
593
1033
585
594
1034
586
595
1035
587
596
1036
588
597
1037
589
598
1038
599
1039
591
600
1040
592
601
1041
593
602
1042
594
603
1043
595
604
1044
596
605
1045
597
606
1046
598
607
1047
599
608
1048
609
1049
601
610
1050
602
611
1051
603
612
1052
604
613
1053
605
614
1054
606
615
1055
607
616
1056
608
617
1057
609
618
1058
619
1059
611
620
1060
612
621
1061
613
622
1062
614
623
1063
615
624
1064
616
625
1065
617
626
1066
618
627
1067
619
628
1068
629
1069
621
630
1070
622
631
1071
623
632
1072
624
633
1073
625
634
1074
626
635
1075
627
636
1076
628
637
1077
629
638
1078
639
1079
631
640
1080
632
641
1081
633
642
1082
634
643
1083
635
644
1084
636
645
1085
637
646
1086
638
647
1087
639
648
1088
649
1089
641
650
1090
642
651
1091
643
652
1092
644
653
1093
645
654
1094
646
655
1095
647
656
1096
648
657
1097
649
658
1098
659
1099
651
660
1100
652
661
1101
653
662
1102
654
663
1103
655
664
1104
656
665
1105
657
666
1106
658
667
1107
659
668
1108
669
1109
661
670
1110
662
671
1111
663
672
1112
664
673
1113
665
674
1114
666
675
1115
667
676
1116
668
677
1117
669
678
1118
679
1119
671
680
1120
672
681
1121
673
682
1122
674
683
1123
675
684
1124
676
685
1125
677
686
1126
678
687
1127
679
688
1128
689
1129
681
690
1130
682
691
1131
683
692
1132
684
693
1133
685
694
1134
686
695
1135
687
696
1136
688
697
1137
689
698
1138
699
1139
691
700
1140
692
701
1141
693
702
1142
694
703
1143
695
704
1144
696
705
1145
697
706
1146
698
707
1147
699
708
1148
709
1149
701
710
1150
702
711
1151
703
712
1152
704
713
1153
705
714
1154
706
715
1155
707
716
1156
708
717
1157
709
718
1158
719
1159
711
720
1160
712
721
1161
713
722
1162
714
723
1163
715
724
1164
716
725
1165
717
726
1166
718
727
1167
719
728
1168
729
1169
721
730
1170
722
731
1171
723
732
1172
724
733
1173
725
734
1174
726
735
1175
727
736
1176
728
737
1177
729
738
1178
739
1179
731
740
1180
732
741
1181
733
742
1182
734
743
1183
735
744
1184
736
745
1185
737
746
1186
738
747
1187
739
748
1188
749
1189
741
750
1190
742
751
1191
743
752
1192
744
753
1193
745
754
1194
746
755
1195
747
756
1196
748
757
1197
749
758
1198
759
1199
751
760
1200
752
761
1201
753
762
1202
754
763
1203
755
764
1204
756
765
1205
757
766
1206
758
767
1207
759
768
1208
769
1209
761
770
1210
762
771
1211
763
772
1212
764
773
1213
765
774
1214
766
775
1215
767
776
1216
768
777
1217
769
778
1218
779
1219
771
780
1220
772
781
1221
773
782
1222
774
783
1223
775
784
1224
776
785
1225
777
786
1226
778
787
1227
779
788
1228
789
1229
781
790
1230
782
791
1231
783
792
1232
784
793
1233
785
794
1234
786
795
1235
787
796
1236
788
797
1237
789
798
1238
799
1239
791
800
1240
792
801
1241
793
802
1242
794
803
1243
795
804
1244
796
805
1245
797
806
1246
798
807
1247
799
808
1248
809
1249
801
810
1250
802
811
1251
803
812
1252
804
813
1253
805
814
1254
806
815
1255
807
816
1256
808
817
1257
809
818
1258
819
1259
811
820
1260
812
821
1261
813
822
1262
814
823
1263
815
824
1264
816
825
1265
817
826
1266
818
827
1267
819
828
1268
829
1269
821
830
1270
822
831
1271
823
832
1272
824
833
1273
825
834
1274
826
835
1275
827
836
1276
828
837
1277
829
838
1278
839
1279
831
840
1280
832
841
1281
833
842
1282
834
843
1283
835
844
1284
836
845
1285
837
846
1286
838
847
1287
839
848
1288
849
1289
841
850
1290
842
851
1291
843
852
1292
844
853
1293
845
854
1294
846
855
1295
847
856
1296
848
857
1297
849
858
1298
859
1299
851
860
1300
852
861
1301
853
862
1302
854
863
1303
855
864
1304
856
865
1305
857
866
1306
858
867
1307
859
868
1308
869
1309
861
870
1310
862
871
1311
863
872
1312
864
873
1313
865
874
1314
866
875
1315
867
876
1316
868
877
1317
869
878
1318
879
1319
871
880
1320
872
881
1321
873
882
1322
874
883
1323
875
884
1324
876
885
1325
877
886
1326
878
887
1327
879
888
1328
889
1329
881
890
1330
882
891
1331
883
892
1332
884
893
1333
885
894
1334
886
895
1335
887
896
1336
888
897
1337
889
898
1338
899
1339
891
1340
892
1341
893
1342
894
1343
895
1344
896
1345
897
1346
898
1347
899
1348
1349
901
910
1350
902
911
1351
903
912
1352
904
913
1353
905
914
1354
906
915
1355
907
916
1356
908
917
1357
909
918
1358
919
1359
911
920
1360
912
921
1361
913
922
1362
914
923
1363
915
924
1364
916
925
1365
917
926
1366
918
927
1367
919
928
1368
929
1369
921
930
1370
922
931
1371
923
932
1372
924
933
1373
925
934
1374
926
935
1375
927
936
1376
928
937
1377
929
938
1378
939
1379
931
940
1380
932
941
1381
933
942
1382
934
943
1383
935
944
1384
936
945
1385
937
946
1386
938
947
1387
939
948
1388
949
1389
941
950
1390
942
951
1391
943
952
1392
944
953
1393
945
954
1394
946
955
1395
947
956
1396
948
957
1397
949
958
1398
959
1399
951
960
1400
952
961
1401
953
962
1402
954
963
1403
955
964
1404
956
965
1405
957
966
1406
958
967
1407
959
968
1408
969
1409
961
970
1410
962
971
1411
963
972
1412
964
973
1413
965
974
1414
966
975
1415
967
976
1416
968
977
1417
969
978
1418
979
1419
971
980
1420
972
981
1421
973
982
1422
974
983
1423
975
984
1424
976
985
1425
977
986
1426
978
987
1427
979
988
1428
989
1429
981
990
1430
982
991
1431
983
992
1432
984
993
1433
985
994
1434
986
995
1435
987
996
1436
988
997
1437
989
998
1438
999
1439
991
1000
1440
992
1001
1441
993
1002
1442
994
1003
1443
995
1004
1444
996
1005
1445
997
1006
1446
998
1007
1447
999
1008
1448
1009
1449
1001
1010
1450
1002
1011
1451
1003
1012
1452
1004
1013
1453
1005
1014
1454
1006
1015
1455
1007
1016
1456
1008
1017
1457
1009
1018
1458
1019
1459
1011
1020
1460
1012
1021
1461
1013
1022
1462
1014
1023
1463
1015
1024
1464
1016
1025
1465
1017
1026
1466
1018
1027
1467
1019
1028
1468
1029
1469
1021
1030
1470
1022
1031
1471
1023
1032
1472
1024
1033
1473
1025
1034
1474
1026
1035
1475
1027
1036
1476
1028
1037
1477
1029
1038
1478
1039
1479
1031
1040
1480
1032
1041
1481
1033
1042
1482
1034
1043
1483
1035
1044
1484
1036
1045
1485
1037
1046
1486
1038
1047
1487
1039
1048
1488
1049
1489
1041
1050
1490
1042
1051
1491
1043
1052
1492
1044
1053
1493
1045
1054
1494
1046
1055
1495
1047
1056
1496
1048
1057
1497
1049
1058
1498
1059
1499
1051
1060
1500
1052
1061
1501
1053
1062
1502
1054
1063
1503
1055
1064
1504
1056
1065
1505
1057
1066
1506
1058
1067
1507
1059
1068
1508
1069
1509
1061
1070
1510
1062
1071
1511
1063
1072
1512
1064
1073
1513
1065
1074
1514
1066
1075
1515
1067
1076
1516
1068
1077
1517
1069
1078
1518
1079
1519
1071
1080
1520
1072
1081
1521
1073
1082
1522
1074
1083
1523
1075
1084
1524
1076
1085
1525
1077
1086
1526
1078
1087
1527
1079
1088
1528
1089
1529
1081
1090
1530
1082
1091
1531
1083
1092
1532
1084
1093
1533
1085
1094
1534
1086
1095
1535
1087
1096
1536
1088
1097
1537
1089
1098
1538
1099
1539
1091
1100
1540
1092
1101
1541
1093
1102
1542
1094
1103
1543
1095
1104
1544
1096
1105
1545
1097
1106
1546
1098
1107
1547
1099
1108
1548
1109
1549
1101
1110
1550
1102
1111
1551
1103
1112
1552
1104
1113
1553
1105
1114
1554
1106
1115
1555
1107
1116
1556
1108
1117
1557
1109
1118
1558
1119
1559
1111
1120
1560
1112
1121
1561
1113
1122
1562
1114
1123
1563
1115
1124
1564
1116
1125
1565
1117
1126
1566
1118
1127
1567
1119
1128
1568
1129
1569
1121
1130
1570
1122
1131
1571
1123
1132
1572
1124
1133
1573
1125
1134
1574
1126
1135
1575
1127
1136
1576
1128
1137
1577
1129
1138
1578
1139
1579
1131
1140
1580
1132
1141
1581
1133
1142
1582
1134
1143
1583
1135
1144
1584
1136
1145
1585
1137
1146
1586
1138
1147
1587
1139
1148
1588
1149
1589
1141
1150
1590
1142
1151
1591
1143
1152
1592
1144
1153
1593
1145
1154
1594
1146
1155
1595
1147
1156
1596
1148
1157
1597
1149
1158
1598
1159
1599
1151
1160
1600
1152
1161
1601
1153
1162
1602
1154
1163
1603
1155
1164
1604
1156
1165
1605
1157
1166
1606
1158
1167
1607
1159
1168
1608
1169
1609
1161
1170
1610
1162
1171
1611
1163
1172
1612
1164
1173
1613
1165
1174
1614
1166
1175
1615
1167
1176
1616
1168
1177
1617
1169
1178
1618
1179
1619
1171
1180
1620
1172
1181
1621
1173
1182
1622
1174
1183
1623
1175
1184
1624
1176
1185
1625
1177
1186
1626
1178
1187
1627
1179
1188
1628
1189
1629
1181
1190
1630
1182
1191
1631
1183
1192
1632
1184
1193
1633
1185
1194
1634
1186
1195
1635
1187
1196
1636
1188
1197
1637
1189
1198
1638
1199
1639
1191
1200
1640
1192
1201
1641
1193
1202
1642
1194
1203
1643
1195
1204
1644
1196
1205
1645
1197
1206
1646
1198
1207
1647
1199
1208
1648
1209
1649
1201
1210
1650
1202
1211
1651
1203
1212
1652
1204
1213
1653
1205
1214
1654
1206
1215
1655
1207
1216
1656
1208
1217
1657
1209
1218
1658
1219
1659
1211
1220
1660
1212
1221
1661
1213
1222
1662
1214
1223
1663
1215
1224
1664
1216
1225
1665
1217
1226
1666
1218
1227
1667
1219
1228
1668
1229
1669
1221
1230
1670
1222
1231
1671
1223
1232
1672
1224
1233
1673
1225
1234
1674
1226
1235
1675
1227
1236
1676
1228
1237
1677
1229
1238
1678
1239
1679
1231
1240
1680
1232
1241
1681
1233
1242
1682
1234
1243
1683
1235
1244
1684
1236
1245
1685
1237
1246
1686
1238
1247
1687
1239
1248
1688
1249
1689
1241
1250
1690
1242
1251
1691
1243
1252
1692
1244
1253
1693
1245
1254
1694
1246
1255
1695
1247
1256
1696
1248
1257
1697
1249
1258
1698
1259
1699
1251
1260
1700
1252
1261
1701
1253
1262
1702
1254
1263
1703
1255
1264
1704
1256
1265
1705
1257
1266
1706
1258
1267
1707
1259
1268
1708
1269
1709
1261
1270
1710
1262
1271
1711
1263
1272
1712
1264
1273
1713
1265
1274
1714
1266
1275
1715
1267
1276
1716
1268
1277
1717
1269
1278
1718
1279
1719
1271
1280
1720
1272
1281
1721
1273
1282
1722
1274
1283
1723
1275
1284
1724
1276
1285
1725
1277
1286
1726
1278
1287
1727
1279
1288
1728
1289
1729
1281
1290
1730
1282
1291
1731
1283
1292
1732
1284
1293
1733
1285
1294
1734
1286
1295
1735
1287
1296
1736
1288
1297
1737
1289
1298
1738
1299
1739
1291
1300
1740
1292
1301
1741
1293
1302
1742
1294
1303
1743
1295
1304
1744
1296
1305
1745
1297
1306
1746
1298
1307
1747
1299
1308
1748
1309
1749
1301
1310
1750
1302
1311
1751
1303
1312
1752
1304
1313
1753
1305
1314
1754
1306
1315
1755
1307
1316
1756
1308
1317
1757
1309
1318
1758
1319
1759
1311
1320
1760
1312
1321
1761
1313
1322
1762
1314
1323
1763
1315
1324
1764
1316
1325
1765
1317
1326
1766
1318
1327
1767
1319
1328
1768
1329
1769
1321
1330
1770
1322
1331
1771
1323
1332
1772
1324
1333
1773
1325
1334
1774
1326
1335
1775
1327
1336
1776
1328
1337
1777
1329
1338
1778
1339
1779
1331
1340
1780
1332
1341
1781
1333
1342
1782
1334
1343
1783
1335
1344
1784
1336
1345
1785
1337
1346
1786
1338
1347
1787
1339
1348
1788
1349
1789
1341
1790
1342
1791
1343
1792
1344
1793
1345
1794
1346
1795
1347
1796
1348
1797
1349
1798
1799
1351
1360
1800
1352
1361
1801
1353
1362
1802
1354
1363
1803
1355
1364
1804
1356
1365
1805
1357
1366
1806
1358
1367
1807
1359
1368
1808
1369
1809
1361
1370
1810
1362
1371
1811
1363
1372
1812
1364
1373
1813
1365
1374
1814
1366
1375
1815
1367
1376
1816
1368
1377
1817
1369
1378
1818
1379
1819
1371
1380
1820
1372
1381
1821
1373
1382
1822
1374
1383
1823
1375
1384
1824
1376
1385
1825
1377
1386
1826
1378
1387
1827
1379
1388
1828
1389
1829
1381
1390
1830
1382
1391
1831
1383
1392
1832
1384
1393
1833
1385
1394
1834
1386
1395
1835
1387
1396
1836
1388
1397
1837
1389
1398
1838
1399
1839
1391
1400
1840
1392
1401
1841
1393
1402
1842
1394
1403
1843
1395
1404
1844
1396
1405
1845
1397
1406
1846
1398
1407
1847
1399
1408
1848
1409
1849
1401
1410
1850
1402
1411
1851
1403
1412
1852
1404
1413
1853
1405
1414
1854
1406
1415
1855
1407
1416
1856
1408
1417
1857
1409
1418
1858
1419
1859
1411
1420
1860
1412
1421
1861
1413
1422
1862
1414
1423
1863
1415
1424
1864
1416
1425
1865
1417
1426
1866
1418
1427
1867
1419
1428
1868
1429
1869
1421
1430
1870
1422
1431
1871
1423
1432
1872
1424
1433
1873
1425
1434
1874
1426
1435
1875
1427
1436
1876
1428
1437
1877
1429
1438
1878
1439
1879
1431
1440
1880
1432
1441
1881
1433
1442
1882
1434
1443
1883
1435
1444
1884
1436
1445
1885
1437
1446
1886
1438
1447
1887
1439
1448
1888
1449
1889
1441
1450
1890
1442
1451
1891
1443
1452
1892
1444
1453
1893
1445
1454
1894
1446
1455
1895
1447
1456
1896
1448
1457
1897
1449
1458
1898
1459
1899
1451
1460
1900
1452
1461
1901
1453
1462
1902
1454
1463
1903
1455
1464
1904
1456
1465
1905
1457
1466
1906
1458
1467
1907
1459
1468
1908
1469
1909
1461
1470
1910
1462
1471
1911
1463
1472
1912
1464
1473
1913
1465
1474
1914
1466
1475
1915
1467
1476
1916
1468
1477
1917
1469
1478
1918
1479
1919
1471
1480
1920
1472
1481
1921
1473
1482
1922
1474
1483
1923
1475
1484
1924
1476
1485
1925
1477
1486
1926
1478
1487
1927
1479
1488
1928
1489
1929
1481
1490
1930
1482
1491
1931
1483
1492
1932
1484
1493
1933
1485
1494
1934
1486
1495
1935
1487
1496
1936
1488
1497
1937
1489
1498
1938
1499
1939
1491
1500
1940
1492
1501
1941
1493
1502
1942
1494
1503
1943
1495
1504
1944
1496
1505
1945
1497
1506
1946
1498
1507
1947
1499
1508
1948
1509
1949
1501
1510
1950
1502
1511
1951
1503
1512
1952
1504
1513
1953
1505
1514
1954
1506
1515
1955
1507
1516
1956
1508
1517
1957
1509
1518
1958
1519
1959
1511
1520
1960
1512
1521
1961
1513
1522
1962
1514
1523
1963
1515
1524
1964
1516
1525
1965
1517
1526
1966
1518
1527
1967
1519
1528
1968
1529
1969
1521
1530
1970
1522
1531
1971
1523
1532
1972
1524
1533
1973
1525
1534
1974
1526
1535
1975
1527
1536
1976
1528
1537
1977
1529
1538
1978
1539
1979
1531
1540
1980
1532
1541
1981
1533
1542
1982
1534
1543
1983
1535
1544
1984
1536
1545
1985
1537
1546
1986
1538
1547
1987
1539
1548
1988
1549
1989
1541
1550
1990
1542
1551
1991
1543
1552
1992
1544
1553
1993
1545
1554
1994
1546
1555
1995
1547
1556
1996
1548
1557
1997
1549
1558
1998
1559
1999
1551
1560
2000
1552
1561
2001
1553
1562
2002
1554
1563
2003
1555
1564
2004
1556
1565
2005
1557
1566
2006
1558
1567
2007
1559
1568
2008
1569
2009
1561
1570
2010
1562
1571
2011
1563
1572
2012
1564
1573
2013
1565
1574
2014
1566
1575
2015
1567
1576
2016
1568
1577
2017
1569
1578
2018
1579
2019
1571
1580
2020
1572
1581
2021
1573
1582
2022
1574
1583
2023
1575
1584
2024
1576
1585
2025
1577
1586
2026
1578
1587
2027
1579
1588
2028
1589
2029
1581
1590
2030
1582
1591
2031
1583
1592
2032
1584
1593
2033
1585
1594
2034
1586
1595
2035
1587
1596
2036
1588
1597
2037
1589
1598
2038
1599
2039
1591
1600
2040
1592
1601
2041
1593
1602
2042
1594
1603
2043
1595
1604
2044
1596
1605
2045
1597
1606
2046
1598
1607
2047
1599
1608
2048
1609
2049
1601
1610
2050
1602
1611
2051
1603
1612
2052
1604
1613
2053
1605
1614
2054
1606
1615
2055
1607
1616
2056
1608
1617
2057
1609
1618
2058
1619
2059
1611
1620
2060
1612
1621
2061
1613
1622
2062
1614
1623
2063
1615
1624
2064
1616
1625
2065
1617
1626
2066
1618
1627
2067
1619
1628
2068
1629
2069
1621
1630
2070
1622
1631
2071
1623
1632
2072
1624
1633
2073
1625
1634
2074
1626
1635
2075
1627
1636
2076
1628
1637
2077
1629
1638
2078
1639
2079
1631
1640
2080
1632
1641
2081
1633
1642
2082
1634
1643
2083
1635
1644
2084
1636
1645
2085
1637
1646
2086
1638
1647
2087
1639
1648
2088
1649
2089
1641
1650
2090
1642
1651
2091
1643
1652
2092
1644
1653
2093
1645
1654
2094
1646
1655
2095
1647
1656
2096
1648
1657
2097
1649
1658
2098
1659
2099
1651
1660
2100
1652
1661
2101
1653
1662
2102
1654
1663
2103
1655
1664
2104
1656
1665
2105
1657
1666
2106
1658
1667
2107
1659
1668
2108
1669
2109
1661
1670
2110
1662
1671
2111
1663
1672
2112
1664
1673
2113
1665
1674
2114
1666
1675
2115
1667
1676
2116
1668
1677
2117
1669
1678
2118
1679
2119
1671
1680
2120
1672
1681
2121
1673
1682
2122
1674
1683
2123
1675
1684
2124
1676
1685
2125
1677
1686
2126
1678
1687
2127
1679
1688
2128
1689
2129
1681
1690
2130
1682
1691
2131
1683
1692
2132
1684
1693
2133
1685
1694
2134
1686
1695
2135
1687
1696
2136
1688
1697
2137
1689
1698
2138
1699
2139
1691
1700
2140
1692
1701
2141
1693
1702
2142
1694
1703
2143
1695
1704
2144
1696
1705
2145
1697
1706
2146
1698
1707
2147
1699
1708
2148
1709
2149
1701
1710
2150
1702
1711
2151
1703
1712
2152
1704
1713
2153
1705
1714
2154
1706
1715
2155
1707
1716
2156
1708
1717
2157
1709
1718
2158
1719
2159
1711
1720
2160
1712
1721
2161
1713
1722
2162
1714
1723
2163
1715
1724
2164
1716
1725
2165
1717
1726
2166
1718
1727
2167
1719
1728
2168
1729
2169
1721
1730
2170
1722
1731
2171
1723
1732
2172
1724
1733
2173
1725
1734
2174
1726
1735
2175
1727
1736
2176
1728
1737
2177
1729
1738
2178
1739
2179
1731
1740
2180
1732
1741
2181
1733
1742
2182
1734
1743
2183
1735
1744
2184
1736
1745
2185
1737
1746
2186
1738
1747
2187
1739
1748
2188
1749
2189
1741
1750
2190
1742
1751
2191
1743
1752
2192
1744
1753
2193
1745
1754
2194
1746
1755
2195
1747
1756
2196
1748
1757
2197
1749
1758
2198
1759
2199
1751
1760
2200
1752
1761
2201
1753
1762
2202
1754
1763
2203
1755
1764
2204
1756
1765
2205
1757
1766
2206
1758
1767
2207
1759
1768
2208
1769
2209
1761
1770
2210
1762
1771
2211
1763
1772
2212
1764
1773
2213
1765
1774
2214
1766
1775
2215
1767
1776
2216
1768
1777
2217
1769
1778
2218
1779
2219
1771
1780
2220
1772
1781
2221
1773
1782
2222
1774
1783
2223
1775
1784
2224
1776
1785
2225
1777
1786
2226
1778
1787
2227
1779
1788
2228
1789
2229
1781
1790
2230
1782
1791
2231
1783
1792
2232
1784
1793
2233
1785
1794
2234
1786
1795
2235
1787
1796
2236
1788
1797
2237
1789
1798
2238
1799
2239
1791
2240
1792
2241
1793
2242
1794
2243
1795
2244
1796
2245
1797
2246
1798
2247
1799
2248
2249
1801
1810
1802
1811
1803
1812
1804
1813
1805
1814
1806
1815
1807
1816
1808
1817
1809
1818
1819
1811
1820
1812
1821
1813
1822
1814
1823
1815
1824
1816
1825
1817
1826
1818
1827
1819
1828
1829
1821
1830
1822
1831
1823
1832
1824
1833
1825
1834
1826
1835
1827
1836
1828
1837
1829
1838
1839
1831
1840
1832
1841
1833
1842
1834
1843
1835
1844
1836
1845
1837
1846
1838
1847
1839
1848
1849
1841
1850
1842
1851
1843
1852
1844
1853
1845
1854
1846
1855
1847
1856
1848
1857
1849
1858
1859
1851
1860
1852
1861
1853
1862
1854
1863
1855
1864
1856
1865
1857
1866
1858
1867
1859
1868
1869
1861
1870
1862
1871
1863
1872
1864
1873
1865
1874
1866
1875
1867
1876
1868
1877
1869
1878
1879
1871
1880
1872
1881
1873
1882
1874
1883
1875
1884
1876
1885
1877
1886
1878
1887
1879
1888
1889
1881
1890
1882
1891
1883
1892
1884
1893
1885
1894
1886
1895
1887
1896
1888
1897
1889
1898
1899
1891
1900
1892
1901
1893
1902
1894
1903
1895
1904
1896
1905
1897
1906
1898
1907
1899
1908
1909
1901
1910
1902
1911
1903
1912
1904
1913
1905
1914
1906
1915
1907
1916
1908
1917
1909
1918
1919
1911
1920
1912
1921
1913
1922
1914
1923
1915
1924
1916
1925
1917
1926
1918
1927
1919
1928
1929
1921
1930
1922
1931
1923
1932
1924
1933
1925
1934
1926
1935
1927
1936
1928
1937
1929
1938
1939
1931
1940
1932
1941
1933
1942
1934
1943
1935
1944
1936
1945
1937
1946
1938
1947
1939
1948
1949
1941
1950
1942
1951
1943
1952
1944
1953
1945
1954
1946
1955
1947
1956
1948
1957
1949
1958
1959
1951
1960
1952
1961
1953
1962
1954
1963
1955
1964
1956
1965
1957
1966
1958
1967
1959
1968
1969
1961
1970
1962
1971
1963
1972
1964
1973
1965
1974
1966
1975
1967
1976
1968
1977
1969
1978
1979
1971
1980
1972
1981
1973
1982
1974
1983
1975
1984
1976
1985
1977
1986
1978
1987
1979
1988
1989
1981
1990
1982
1991
1983
1992
1984
1993
1985
1994
1986
1995
1987
1996
1988
1997
1989
1998
1999
1991
2000
1992
2001
1993
2002
1994
2003
1995
2004
1996
2005
1997
2006
1998
2007
1999
2008
2009
2001
2010
2002
2011
2003
2012
2004
2013
2005
2014
2006
2015
2007
2016
2008
2017
2009
2018
2019
2011
2020
2012
2021
2013
2022
2014
2023
2015
2024
2016
2025
2017
2026
2018
2027
2019
2028
2029
2021
2030
2022
2031
2023
2032
2024
2033
2025
2034
2026
2035
2027
2036
2028
2037
2029
2038
2039
2031
2040
2032
2041
2033
2042
2034
2043
2035
2044
2036
2045
2037
2046
2038
2047
2039
2048
2049
2041
2050
2042
2051
2043
2052
2044
2053
2045
2054
2046
2055
2047
2056
2048
2057
2049
2058
2059
2051
2060
2052
2061
2053
2062
2054
2063
2055
2064
2056
2065
2057
2066
2058
2067
2059
2068
2069
2061
2070
2062
2071
2063
2072
2064
2073
2065
2074
2066
2075
2067
2076
2068
2077
2069
2078
2079
2071
2080
2072
2081
2073
2082
2074
2083
2075
2084
2076
2085
2077
2086
2078
2087
2079
2088
2089
2081
2090
2082
2091
2083
2092
2084
2093
2085
2094
2086
2095
2087
2096
2088
2097
2089
2098
2099
2091
2100
2092
2101
2093
2102
2094
2103
2095
2104
2096
2105
2097
2106
2098
2107
2099
2108
2109
2101
2110
2102
2111
2103
2112
2104
2113
2105
2114
2106
2115
2107
2116
2108
2117
2109
2118
2119
2111
2120
2112
2121
2113
2122
2114
2123
2115
2124
2116
2125
2117
2126
2118
2127
2119
2128
2129
2121
2130
2122
2131
2123
2132
2124
2133
2125
2134
2126
2135
2127
2136
2128
2137
2129
2138
2139
2131
2140
2132
2141
2133
2142
2134
2143
2135
2144
2136
2145
2137
2146
2138
2147
2139
2148
2149
2141
2150
2142
2151
2143
2152
2144
2153
2145
2154
2146
2155
2147
2156
2148
2157
2149
2158
2159
2151
2160
2152
2161
2153
2162
2154
2163
2155
2164
2156
2165
2157
2166
2158
2167
2159
2168
2169
2161
2170
2162
2171
2163
2172
2164
2173
2165
2174
2166
2175
2167
2176
2168
2177
2169
2178
2179
2171
2180
2172
2181
2173
2182
2174
2183
2175
2184
2176
2185
2177
2186
2178
2187
2179
2188
2189
2181
2190
2182
2191
2183
2192
2184
2193
2185
2194
2186
2195
2187
2196
2188
2197
2189
2198
2199
2191
2200
2192
2201
2193
2202
2194
2203
2195
2204
2196
2205
2197
2206
2198
2207
2199
2208
2209
2201
2210
2202
2211
2203
2212
2204
2213
2205
2214
2206
2215
2207
2216
2208
2217
2209
2218
2219
2211
2220
2212
2221
2213
2222
2214
2223
2215
2224
2216
2225
2217
2226
2218
2227
2219
2228
2229
2221
2230
2222
2231
2223
2232
2224
2233
2225
2234
2226
2235
2227
2236
2228
2237
2229
2238
2239
2231
2240
2232
2241
2233
2242
2234
2243
2235
2244
2236
2245
2237
2246
2238
2247
2239
2248
2249
2241
2242
2243
2244
2245
2246
2247
2248
2249
)


// ************************************************************************* //
