/*--------------------------------*- C++ -*----------------------------------*\
  =========                 |
  \\      /  F ield         | OpenFOAM: The Open Source CFD Toolbox
   \\    /   O peration     | Website:  https://openfoam.org
    \\  /    A nd           | Version:  9
     \\/     M anipulation  |
\*---------------------------------------------------------------------------*/
FoamFile
{
    format      ascii;
    class       vectorField;
    location    "constant/polyMesh";
    object      points;
}
// * * * * * * * * * * * * * * * * * * * * * * * * * * * * * * * * * * * * * //


3036
(
(0.200002 0.0249771 0)
(0.205001 0.0249714 0)
(0.210002 0.0249687 0)
(0.215003 0.0249678 0)
(0.220011 0.0249678 0)
(0.225036 0.0249681 0)
(0.2301 0.0249689 0)
(0.235241 0.0249712 0)
(0.240444 0.0249765 0)
(0.245364 0.0249864 0)
(0.25 0.025 0)
(0.200005 0.0300164 0)
(0.205003 0.0300004 0)
(0.210002 0.029993 0)
(0.215004 0.0299906 0)
(0.220012 0.0299903 0)
(0.225036 0.0299904 0)
(0.230101 0.0299908 0)
(0.235242 0.0299915 0)
(0.240446 0.029993 0)
(0.245366 0.0299959 0)
(0.25 0.03 0)
(0.20001 0.0350568 0)
(0.205005 0.0350185 0)
(0.210002 0.0350023 0)
(0.215003 0.0349975 0)
(0.220011 0.0349969 0)
(0.225036 0.0349972 0)
(0.230101 0.0349976 0)
(0.235242 0.0349978 0)
(0.240447 0.0349982 0)
(0.245367 0.0349989 0)
(0.25 0.035 0)
(0.200028 0.0400902 0)
(0.205005 0.0400274 0)
(0.209995 0.0400042 0)
(0.214998 0.039998 0)
(0.220009 0.0399978 0)
(0.225036 0.0399986 0)
(0.230101 0.0399992 0)
(0.235242 0.0399995 0)
(0.240447 0.0399996 0)
(0.245367 0.0399998 0)
(0.25 0.04 0)
(0.200088 0.0450052 0)
(0.204993 0.0450054 0)
(0.209972 0.0449939 0)
(0.214982 0.0449942 0)
(0.220002 0.0449965 0)
(0.225033 0.0449984 0)
(0.2301 0.0449994 0)
(0.235242 0.0449998 0)
(0.240447 0.0449999 0)
(0.245367 0.0449999 0)
(0.25 0.045 0)
(0.2 0.05 0)
(0.204992 0.0499086 0)
(0.209909 0.0499702 0)
(0.214944 0.0499887 0)
(0.219986 0.049995 0)
(0.225028 0.049998 0)
(0.230099 0.0499993 0)
(0.235242 0.0499998 0)
(0.240447 0.0499999 0)
(0.245367 0.05 0)
(0.25 0.05 0)
(0.2 0.0550166 0)
(0.204814 0.0549209 0)
(0.209771 0.0549721 0)
(0.214882 0.0549893 0)
(0.219963 0.0549953 0)
(0.22502 0.0549982 0)
(0.230096 0.0549994 0)
(0.235241 0.0549998 0)
(0.240447 0.055 0)
(0.245367 0.055 0)
(0.25 0.055 0)
(0.2 0.060003 0)
(0.204739 0.0599801 0)
(0.209671 0.0599861 0)
(0.21483 0.0599933 0)
(0.219942 0.0599969 0)
(0.225013 0.0599988 0)
(0.230094 0.0599996 0)
(0.235241 0.0599999 0)
(0.240447 0.06 0)
(0.245367 0.06 0)
(0.25 0.06 0)
(0.2 0.065 0)
(0.204678 0.0649958 0)
(0.209618 0.0649952 0)
(0.2148 0.0649968 0)
(0.219929 0.0649984 0)
(0.225008 0.0649993 0)
(0.230093 0.0649998 0)
(0.23524 0.0649999 0)
(0.240447 0.065 0)
(0.245367 0.065 0)
(0.25 0.065 0)
(0.2 0.07 0)
(0.204652 0.0699992 0)
(0.209594 0.0699985 0)
(0.214786 0.0699988 0)
(0.219923 0.0699994 0)
(0.225006 0.0699997 0)
(0.230092 0.0699999 0)
(0.23524 0.07 0)
(0.240447 0.07 0)
(0.245367 0.07 0)
(0.25 0.07 0)
(0.2 0.075 0)
(0.204644 0.075 0)
(0.209585 0.0749996 0)
(0.21478 0.0749997 0)
(0.21992 0.0749998 0)
(0.225005 0.0749999 0)
(0.230092 0.075 0)
(0.23524 0.075 0)
(0.240447 0.075 0)
(0.245367 0.075 0)
(0.25 0.075 0)
(0.2 0.08 0)
(0.204641 0.0800001 0)
(0.209582 0.08 0)
(0.214779 0.0799999 0)
(0.219919 0.08 0)
(0.225004 0.08 0)
(0.230092 0.08 0)
(0.23524 0.08 0)
(0.240447 0.08 0)
(0.245367 0.08 0)
(0.25 0.08 0)
(0.2 0.085 0)
(0.20464 0.085 0)
(0.209582 0.085 0)
(0.214778 0.085 0)
(0.219919 0.085 0)
(0.225004 0.085 0)
(0.230092 0.085 0)
(0.23524 0.085 0)
(0.240447 0.085 0)
(0.245367 0.085 0)
(0.25 0.085 0)
(0.2 0.09 0)
(0.20464 0.09 0)
(0.209581 0.09 0)
(0.214778 0.09 0)
(0.219919 0.09 0)
(0.225004 0.09 0)
(0.230092 0.09 0)
(0.23524 0.09 0)
(0.240447 0.09 0)
(0.245367 0.09 0)
(0.25 0.09 0)
(0.2 0.095 0)
(0.20464 0.095 0)
(0.209581 0.095 0)
(0.214778 0.095 0)
(0.219919 0.095 0)
(0.225004 0.095 0)
(0.230092 0.095 0)
(0.23524 0.095 0)
(0.240447 0.095 0)
(0.245367 0.095 0)
(0.25 0.095 0)
(0.2 0.1 0)
(0.20464 0.1 0)
(0.209581 0.1 0)
(0.214778 0.1 0)
(0.219919 0.1 0)
(0.225004 0.1 0)
(0.230092 0.1 0)
(0.23524 0.1 0)
(0.240447 0.1 0)
(0.245367 0.1 0)
(0.25 0.1 0)
(0.2 0.105 0)
(0.20464 0.105 0)
(0.209581 0.105 0)
(0.214778 0.105 0)
(0.219919 0.105 0)
(0.225004 0.105 0)
(0.230092 0.105 0)
(0.23524 0.105 0)
(0.240447 0.105 0)
(0.245367 0.105 0)
(0.25 0.105 0)
(0.2 0.11 0)
(0.20464 0.11 0)
(0.209581 0.11 0)
(0.214778 0.11 0)
(0.219919 0.11 0)
(0.225004 0.11 0)
(0.230092 0.11 0)
(0.23524 0.11 0)
(0.240447 0.11 0)
(0.245367 0.11 0)
(0.25 0.11 0)
(0.2 0.115 0)
(0.20464 0.115 0)
(0.209581 0.115 0)
(0.214778 0.115 0)
(0.219919 0.115 0)
(0.225004 0.115 0)
(0.230092 0.115 0)
(0.23524 0.115 0)
(0.240447 0.115 0)
(0.245367 0.115 0)
(0.25 0.115 0)
(0.2 0.12 0)
(0.20464 0.12 0)
(0.209581 0.12 0)
(0.214778 0.12 0)
(0.219919 0.12 0)
(0.225004 0.12 0)
(0.230092 0.12 0)
(0.23524 0.12 0)
(0.240447 0.12 0)
(0.245367 0.12 0)
(0.25 0.12 0)
(0.2 0.125 0)
(0.20464 0.125 0)
(0.209581 0.125 0)
(0.214778 0.125 0)
(0.219919 0.125 0)
(0.225004 0.125 0)
(0.230092 0.125 0)
(0.23524 0.125 0)
(0.240447 0.125 0)
(0.245367 0.125 0)
(0.25 0.125 0)
(0.2 0.13 0)
(0.20464 0.13 0)
(0.209581 0.13 0)
(0.214778 0.13 0)
(0.219919 0.13 0)
(0.225004 0.13 0)
(0.230092 0.13 0)
(0.23524 0.13 0)
(0.240447 0.13 0)
(0.245367 0.13 0)
(0.25 0.13 0)
(0.2 0.135 0)
(0.20464 0.135 0)
(0.209581 0.135 0)
(0.214778 0.135 0)
(0.219919 0.135 0)
(0.225004 0.135 0)
(0.230092 0.135 0)
(0.23524 0.135 0)
(0.240447 0.135 0)
(0.245367 0.135 0)
(0.25 0.135 0)
(0.2 0.14 0)
(0.20464 0.14 0)
(0.209581 0.14 0)
(0.214778 0.14 0)
(0.219919 0.14 0)
(0.225004 0.14 0)
(0.230092 0.14 0)
(0.23524 0.14 0)
(0.240447 0.14 0)
(0.245367 0.14 0)
(0.25 0.14 0)
(0.2 0.145 0)
(0.20464 0.145 0)
(0.209581 0.145 0)
(0.214778 0.145 0)
(0.219919 0.145 0)
(0.225004 0.145 0)
(0.230092 0.145 0)
(0.23524 0.145 0)
(0.240447 0.145 0)
(0.245367 0.145 0)
(0.25 0.145 0)
(0.2 0.15 0)
(0.20464 0.15 0)
(0.209581 0.15 0)
(0.214778 0.15 0)
(0.219919 0.15 0)
(0.225004 0.15 0)
(0.230092 0.15 0)
(0.23524 0.15 0)
(0.240447 0.15 0)
(0.245367 0.15 0)
(0.25 0.15 0)
(0.2 0.155 0)
(0.20464 0.155 0)
(0.209581 0.155 0)
(0.214778 0.155 0)
(0.219919 0.155 0)
(0.225004 0.155 0)
(0.230092 0.155 0)
(0.23524 0.155 0)
(0.240447 0.155 0)
(0.245367 0.155 0)
(0.25 0.155 0)
(0.2 0.16 0)
(0.20464 0.16 0)
(0.209581 0.16 0)
(0.214778 0.16 0)
(0.219919 0.16 0)
(0.225004 0.16 0)
(0.230092 0.16 0)
(0.23524 0.16 0)
(0.240447 0.16 0)
(0.245367 0.16 0)
(0.25 0.16 0)
(0.2 0.165 0)
(0.20464 0.165 0)
(0.209581 0.165 0)
(0.214778 0.165 0)
(0.219919 0.165 0)
(0.225004 0.165 0)
(0.230092 0.165 0)
(0.23524 0.165 0)
(0.240447 0.165 0)
(0.245367 0.165 0)
(0.25 0.165 0)
(0.2 0.17 0)
(0.20464 0.17 0)
(0.209581 0.17 0)
(0.214778 0.17 0)
(0.219919 0.17 0)
(0.225004 0.17 0)
(0.230092 0.17 0)
(0.23524 0.17 0)
(0.240447 0.17 0)
(0.245367 0.17 0)
(0.25 0.17 0)
(0.2 0.175 0)
(0.20464 0.175 0)
(0.209581 0.175 0)
(0.214778 0.175 0)
(0.219919 0.175 0)
(0.225004 0.175 0)
(0.230092 0.175 0)
(0.23524 0.175 0)
(0.240447 0.175 0)
(0.245367 0.175 0)
(0.25 0.175 0)
(0.2 0.18 0)
(0.20464 0.18 0)
(0.209581 0.18 0)
(0.214778 0.18 0)
(0.219919 0.18 0)
(0.225004 0.18 0)
(0.230092 0.18 0)
(0.23524 0.18 0)
(0.240447 0.18 0)
(0.245367 0.18 0)
(0.25 0.18 0)
(0.2 0.185 0)
(0.20464 0.185 0)
(0.209581 0.185 0)
(0.214778 0.185 0)
(0.219919 0.185 0)
(0.225004 0.185 0)
(0.230092 0.185 0)
(0.23524 0.185 0)
(0.240447 0.185 0)
(0.245367 0.185 0)
(0.25 0.185 0)
(0.2 0.19 0)
(0.20464 0.19 0)
(0.209581 0.19 0)
(0.214778 0.19 0)
(0.219919 0.19 0)
(0.225004 0.19 0)
(0.230092 0.19 0)
(0.23524 0.19 0)
(0.240447 0.19 0)
(0.245367 0.19 0)
(0.25 0.19 0)
(0.2 0.195 0)
(0.20464 0.195 0)
(0.209581 0.195 0)
(0.214778 0.195 0)
(0.219919 0.195 0)
(0.225004 0.195 0)
(0.230092 0.195 0)
(0.23524 0.195 0)
(0.240447 0.195 0)
(0.245367 0.195 0)
(0.25 0.195 0)
(0.2 0.2 0)
(0.20464 0.2 0)
(0.209581 0.2 0)
(0.214778 0.2 0)
(0.219919 0.2 0)
(0.225004 0.2 0)
(0.230092 0.2 0)
(0.23524 0.2 0)
(0.240447 0.2 0)
(0.245367 0.2 0)
(0.25 0.2 0)
(0.2 0.205 0)
(0.20464 0.205 0)
(0.209581 0.205 0)
(0.214778 0.205 0)
(0.219919 0.205 0)
(0.225004 0.205 0)
(0.230092 0.205 0)
(0.23524 0.205 0)
(0.240447 0.205 0)
(0.245367 0.205 0)
(0.25 0.205 0)
(0.2 0.21 0)
(0.20464 0.21 0)
(0.209581 0.210001 0)
(0.214778 0.210001 0)
(0.219919 0.210001 0)
(0.225004 0.210001 0)
(0.230092 0.210001 0)
(0.23524 0.210001 0)
(0.240447 0.210001 0)
(0.245367 0.21 0)
(0.25 0.21 0)
(0.2 0.215 0)
(0.20464 0.215001 0)
(0.209581 0.215002 0)
(0.214778 0.215003 0)
(0.219919 0.215003 0)
(0.225004 0.215003 0)
(0.230092 0.215003 0)
(0.23524 0.215003 0)
(0.240446 0.215002 0)
(0.245367 0.215001 0)
(0.25 0.215 0)
(0.2 0.22 0)
(0.20464 0.220005 0)
(0.209582 0.220008 0)
(0.214778 0.22001 0)
(0.219919 0.220011 0)
(0.225004 0.220011 0)
(0.230091 0.220011 0)
(0.23524 0.22001 0)
(0.240446 0.220008 0)
(0.245366 0.220005 0)
(0.25 0.22 0)
(0.2 0.225 0)
(0.204642 0.225016 0)
(0.209584 0.225027 0)
(0.21478 0.225033 0)
(0.21992 0.225035 0)
(0.225004 0.225036 0)
(0.230091 0.225035 0)
(0.235238 0.225033 0)
(0.240444 0.225027 0)
(0.245364 0.225016 0)
(0.25 0.225 0)
(0.2 0.23 0)
(0.20465 0.230044 0)
(0.209592 0.230075 0)
(0.214784 0.230091 0)
(0.219922 0.230098 0)
(0.225004 0.230099 0)
(0.230089 0.230098 0)
(0.235234 0.230092 0)
(0.240436 0.230076 0)
(0.245356 0.230046 0)
(0.25 0.23 0)
(0.2 0.235 0)
(0.204677 0.235112 0)
(0.209617 0.235186 0)
(0.214799 0.235222 0)
(0.219927 0.235235 0)
(0.225004 0.235239 0)
(0.230083 0.235235 0)
(0.23522 0.235222 0)
(0.240413 0.235187 0)
(0.24533 0.235114 0)
(0.25 0.235 0)
(0.2 0.239933 0)
(0.204762 0.240201 0)
(0.209683 0.240351 0)
(0.214833 0.240414 0)
(0.219941 0.240436 0)
(0.225003 0.240441 0)
(0.230069 0.240435 0)
(0.235185 0.240412 0)
(0.240349 0.240349 0)
(0.245253 0.2402 0)
(0.25 0.239933 0)
(0.2 0.244345 0)
(0.205022 0.24503 0)
(0.20983 0.245267 0)
(0.214902 0.245336 0)
(0.219966 0.245356 0)
(0.225002 0.245361 0)
(0.230041 0.245354 0)
(0.235111 0.245328 0)
(0.240197 0.24525 0)
(0.245005 0.245008 0)
(0.25 0.244345 0)
(0.2 0.25 0)
(0.205655 0.25 0)
(0.210067 0.25 0)
(0.215 0.25 0)
(0.22 0.25 0)
(0.225 0.25 0)
(0.23 0.25 0)
(0.235 0.25 0)
(0.239933 0.25 0)
(0.244345 0.25 0)
(0.25 0.25 0)
(0.200006 0.0249568 0.00444704)
(0.205006 0.0249476 0.00444714)
(0.210006 0.0249429 0.00444718)
(0.215011 0.0249412 0.0044472)
(0.220026 0.0249411 0.00444713)
(0.225063 0.0249421 0.00444667)
(0.230142 0.0249446 0.00444451)
(0.235291 0.02495 0.00443439)
(0.240533 0.0249602 0.00438599)
(0.245865 0.0249765 0.00423525)
(0.25 0.0249874 0.00473925)
(0.200015 0.0300092 0.00444729)
(0.205012 0.0299883 0.00444762)
(0.210009 0.029979 0.00444776)
(0.215012 0.029976 0.00444783)
(0.220027 0.0299757 0.00444777)
(0.225064 0.0299765 0.00444731)
(0.230143 0.0299779 0.00444511)
(0.235294 0.0299804 0.00443486)
(0.240536 0.0299849 0.0043861)
(0.245867 0.0299917 0.00423434)
(0.25 0.0299962 0.00473741)
(0.200039 0.0350445 0.00444596)
(0.205026 0.0350045 0.00444692)
(0.210014 0.0349908 0.00444757)
(0.215013 0.0349881 0.0044479)
(0.220026 0.0349888 0.00444791)
(0.225064 0.03499 0.00444746)
(0.230144 0.0349912 0.00444525)
(0.235295 0.0349926 0.00443497)
(0.240537 0.0349946 0.00438611)
(0.245867 0.0349973 0.00423404)
(0.25 0.034999 0.00473687)
(0.200114 0.0400347 0.00444084)
(0.205057 0.0399854 0.00444177)
(0.210019 0.0399818 0.00444577)
(0.215011 0.0399866 0.00444761)
(0.220024 0.0399912 0.00444789)
(0.225062 0.0399942 0.00444749)
(0.230143 0.0399959 0.00444529)
(0.235295 0.039997 0.004435)
(0.240537 0.039998 0.00438612)
(0.245867 0.0399991 0.00423396)
(0.25 0.0399998 0.00473674)
(0.200388 0.044794 0.00448446)
(0.205126 0.0448791 0.00443097)
(0.210016 0.0449445 0.0044416)
(0.214997 0.044975 0.00444692)
(0.220014 0.0449885 0.00444775)
(0.225057 0.0449945 0.00444746)
(0.230141 0.0449972 0.00444529)
(0.235294 0.0449985 0.004435)
(0.240537 0.0449992 0.00438611)
(0.245867 0.0449997 0.00423394)
(0.25 0.045 0.00473673)
(0.2 0.05 0.00541768)
(0.205214 0.0496333 0.0044801)
(0.209967 0.0498894 0.00443993)
(0.214958 0.0499616 0.0044458)
(0.219994 0.0499853 0.00444741)
(0.225049 0.0499941 0.00444737)
(0.230138 0.0499975 0.00444527)
(0.235293 0.0499989 0.00443499)
(0.240537 0.0499995 0.00438611)
(0.245867 0.0499999 0.00423394)
(0.25 0.05 0.00473673)
(0.2 0.0549226 0.00488956)
(0.204583 0.05482 0.00432338)
(0.209754 0.0549219 0.00440857)
(0.214876 0.054968 0.00444008)
(0.219961 0.0549869 0.00444628)
(0.225036 0.0549947 0.00444713)
(0.230133 0.0549979 0.00444521)
(0.235291 0.0549992 0.00443498)
(0.240536 0.0549997 0.00438611)
(0.245867 0.0549999 0.00423394)
(0.25 0.055 0.00473674)
(0.2 0.0598847 0.00477227)
(0.204272 0.0599108 0.00425095)
(0.209598 0.0599553 0.00439049)
(0.214805 0.0599794 0.00443598)
(0.219931 0.0599909 0.00444534)
(0.225023 0.0599961 0.00444691)
(0.230129 0.0599984 0.00444516)
(0.235289 0.0599994 0.00443496)
(0.240536 0.0599998 0.0043861)
(0.245867 0.0599999 0.00423394)
(0.25 0.06 0.00473674)
(0.2 0.0649424 0.0047403)
(0.204182 0.0649599 0.00422824)
(0.209524 0.0649778 0.00438331)
(0.214762 0.0649887 0.00443396)
(0.21991 0.0649946 0.0044448)
(0.225015 0.0649976 0.00444677)
(0.230125 0.064999 0.00444512)
(0.235288 0.0649996 0.00443495)
(0.240535 0.0649999 0.0043861)
(0.245867 0.065 0.00423394)
(0.25 0.065 0.00473674)
(0.2 0.0699782 0.00473315)
(0.204157 0.0699838 0.00422245)
(0.209493 0.0699901 0.00438071)
(0.214741 0.0699946 0.00443308)
(0.219899 0.0699972 0.00444454)
(0.225009 0.0699987 0.0044467)
(0.230123 0.0699994 0.00444509)
(0.235287 0.0699998 0.00443494)
(0.240535 0.0699999 0.0043861)
(0.245867 0.07 0.00423394)
(0.25 0.07 0.00473674)
(0.2 0.0749926 0.00473234)
(0.20415 0.074994 0.00422126)
(0.209481 0.074996 0.00438002)
(0.214732 0.0749976 0.00443279)
(0.219894 0.0749987 0.00444443)
(0.225007 0.0749993 0.00444667)
(0.230122 0.0749997 0.00444508)
(0.235287 0.0749999 0.00443493)
(0.240535 0.0749999 0.00438609)
(0.245867 0.075 0.00423394)
(0.25 0.075 0.00473674)
(0.2 0.0799978 0.00473248)
(0.204147 0.079998 0.00422113)
(0.209477 0.0799985 0.00438)
(0.214729 0.079999 0.00443276)
(0.219891 0.0799994 0.00444442)
(0.225006 0.0799997 0.00444666)
(0.230121 0.0799999 0.00444508)
(0.235287 0.0799999 0.00443493)
(0.240535 0.08 0.00438609)
(0.245867 0.08 0.00423394)
(0.25 0.08 0.00473674)
(0.2 0.0849994 0.00473258)
(0.204147 0.0849994 0.00422123)
(0.209476 0.0849995 0.00438039)
(0.214727 0.0849996 0.00443288)
(0.219891 0.0849998 0.00444445)
(0.225005 0.0849999 0.00444666)
(0.230121 0.0849999 0.00444508)
(0.235286 0.085 0.00443493)
(0.240535 0.085 0.00438609)
(0.245867 0.085 0.00423394)
(0.25 0.085 0.00473674)
(0.2 0.0899999 0.00473259)
(0.204146 0.0899998 0.00422127)
(0.209475 0.0899998 0.00438051)
(0.214727 0.0899999 0.00443294)
(0.21989 0.0899999 0.00444446)
(0.225005 0.0899999 0.00444667)
(0.230121 0.09 0.00444508)
(0.235286 0.09 0.00443493)
(0.240535 0.09 0.00438609)
(0.245867 0.09 0.00423394)
(0.25 0.09 0.00473675)
(0.2 0.095 0.00473258)
(0.204146 0.0949999 0.00422127)
(0.209475 0.0949999 0.00438054)
(0.214727 0.095 0.00443296)
(0.21989 0.095 0.00444447)
(0.225005 0.095 0.00444667)
(0.230121 0.095 0.00444508)
(0.235286 0.095 0.00443493)
(0.240535 0.095 0.00438609)
(0.245867 0.095 0.00423394)
(0.25 0.095 0.00473675)
(0.2 0.1 0.00473256)
(0.204146 0.1 0.00422127)
(0.209475 0.1 0.00438055)
(0.214727 0.1 0.00443296)
(0.21989 0.1 0.00444448)
(0.225005 0.1 0.00444667)
(0.230121 0.1 0.00444508)
(0.235286 0.1 0.00443493)
(0.240535 0.1 0.00438609)
(0.245867 0.1 0.00423394)
(0.25 0.1 0.00473675)
(0.2 0.105 0.00473255)
(0.204146 0.105 0.00422127)
(0.209475 0.105 0.00438055)
(0.214727 0.105 0.00443296)
(0.21989 0.105 0.00444448)
(0.225005 0.105 0.00444667)
(0.230121 0.105 0.00444508)
(0.235286 0.105 0.00443493)
(0.240535 0.105 0.00438609)
(0.245867 0.105 0.00423394)
(0.25 0.105 0.00473675)
(0.2 0.11 0.00473255)
(0.204146 0.11 0.00422127)
(0.209475 0.11 0.00438055)
(0.214727 0.11 0.00443297)
(0.21989 0.11 0.00444448)
(0.225005 0.11 0.00444667)
(0.230121 0.11 0.00444508)
(0.235286 0.11 0.00443493)
(0.240535 0.11 0.00438609)
(0.245867 0.11 0.00423394)
(0.25 0.11 0.00473675)
(0.2 0.115 0.00473255)
(0.204146 0.115 0.00422127)
(0.209475 0.115 0.00438055)
(0.214727 0.115 0.00443297)
(0.21989 0.115 0.00444448)
(0.225005 0.115 0.00444667)
(0.230121 0.115 0.00444508)
(0.235286 0.115 0.00443493)
(0.240535 0.115 0.00438609)
(0.245867 0.115 0.00423394)
(0.25 0.115 0.00473675)
(0.2 0.12 0.00473255)
(0.204146 0.12 0.00422127)
(0.209475 0.12 0.00438055)
(0.214727 0.12 0.00443297)
(0.21989 0.12 0.00444448)
(0.225005 0.12 0.00444667)
(0.230121 0.12 0.00444508)
(0.235286 0.12 0.00443493)
(0.240535 0.12 0.00438609)
(0.245867 0.12 0.00423394)
(0.25 0.12 0.00473675)
(0.2 0.125 0.00473255)
(0.204146 0.125 0.00422127)
(0.209475 0.125 0.00438055)
(0.214727 0.125 0.00443297)
(0.21989 0.125 0.00444448)
(0.225005 0.125 0.00444667)
(0.230121 0.125 0.00444508)
(0.235286 0.125 0.00443493)
(0.240535 0.125 0.00438609)
(0.245867 0.125 0.00423394)
(0.25 0.125 0.00473675)
(0.2 0.13 0.00473255)
(0.204146 0.13 0.00422127)
(0.209475 0.13 0.00438055)
(0.214727 0.13 0.00443297)
(0.21989 0.13 0.00444448)
(0.225005 0.13 0.00444667)
(0.230121 0.13 0.00444508)
(0.235286 0.13 0.00443493)
(0.240535 0.13 0.00438609)
(0.245867 0.13 0.00423394)
(0.25 0.13 0.00473675)
(0.2 0.135 0.00473255)
(0.204146 0.135 0.00422127)
(0.209475 0.135 0.00438055)
(0.214727 0.135 0.00443297)
(0.21989 0.135 0.00444448)
(0.225005 0.135 0.00444667)
(0.230121 0.135 0.00444508)
(0.235286 0.135 0.00443493)
(0.240535 0.135 0.00438609)
(0.245867 0.135 0.00423394)
(0.25 0.135 0.00473675)
(0.2 0.14 0.00473255)
(0.204146 0.14 0.00422127)
(0.209475 0.14 0.00438055)
(0.214727 0.14 0.00443297)
(0.21989 0.14 0.00444448)
(0.225005 0.14 0.00444667)
(0.230121 0.14 0.00444508)
(0.235286 0.14 0.00443493)
(0.240535 0.14 0.00438609)
(0.245867 0.14 0.00423394)
(0.25 0.14 0.00473675)
(0.2 0.145 0.00473255)
(0.204146 0.145 0.00422127)
(0.209475 0.145 0.00438055)
(0.214727 0.145 0.00443297)
(0.21989 0.145 0.00444448)
(0.225005 0.145 0.00444667)
(0.230121 0.145 0.00444508)
(0.235286 0.145 0.00443493)
(0.240535 0.145 0.00438609)
(0.245867 0.145 0.00423394)
(0.25 0.145 0.00473675)
(0.2 0.15 0.00473255)
(0.204146 0.15 0.00422127)
(0.209475 0.15 0.00438055)
(0.214727 0.15 0.00443297)
(0.21989 0.15 0.00444448)
(0.225005 0.15 0.00444667)
(0.230121 0.15 0.00444508)
(0.235286 0.15 0.00443493)
(0.240535 0.15 0.00438609)
(0.245867 0.15 0.00423394)
(0.25 0.15 0.00473675)
(0.2 0.155 0.00473255)
(0.204146 0.155 0.00422127)
(0.209475 0.155 0.00438055)
(0.214727 0.155 0.00443297)
(0.21989 0.155 0.00444448)
(0.225005 0.155 0.00444667)
(0.230121 0.155 0.00444508)
(0.235286 0.155 0.00443493)
(0.240535 0.155 0.00438609)
(0.245867 0.155 0.00423394)
(0.25 0.155 0.00473675)
(0.2 0.16 0.00473255)
(0.204146 0.16 0.00422127)
(0.209475 0.16 0.00438055)
(0.214727 0.16 0.00443297)
(0.21989 0.16 0.00444448)
(0.225005 0.16 0.00444667)
(0.230121 0.16 0.00444508)
(0.235286 0.16 0.00443493)
(0.240535 0.16 0.00438609)
(0.245867 0.16 0.00423394)
(0.25 0.16 0.00473675)
(0.2 0.165 0.00473255)
(0.204146 0.165 0.00422127)
(0.209475 0.165 0.00438055)
(0.214727 0.165 0.00443297)
(0.21989 0.165 0.00444448)
(0.225005 0.165 0.00444667)
(0.230121 0.165 0.00444508)
(0.235286 0.165 0.00443493)
(0.240535 0.165 0.00438609)
(0.245867 0.165 0.00423394)
(0.25 0.165 0.00473675)
(0.2 0.17 0.00473255)
(0.204146 0.17 0.00422127)
(0.209475 0.17 0.00438055)
(0.214727 0.17 0.00443297)
(0.21989 0.17 0.00444448)
(0.225005 0.17 0.00444667)
(0.230121 0.17 0.00444508)
(0.235286 0.17 0.00443493)
(0.240535 0.17 0.00438609)
(0.245867 0.17 0.00423394)
(0.25 0.17 0.00473675)
(0.2 0.175 0.00473255)
(0.204146 0.175 0.00422127)
(0.209475 0.175 0.00438055)
(0.214727 0.175 0.00443297)
(0.21989 0.175 0.00444448)
(0.225005 0.175 0.00444667)
(0.230121 0.175 0.00444508)
(0.235286 0.175 0.00443493)
(0.240535 0.175 0.00438609)
(0.245867 0.175 0.00423394)
(0.25 0.175 0.00473675)
(0.2 0.18 0.00473255)
(0.204146 0.18 0.00422127)
(0.209475 0.18 0.00438055)
(0.214727 0.18 0.00443297)
(0.21989 0.18 0.00444448)
(0.225005 0.18 0.00444667)
(0.230121 0.18 0.00444508)
(0.235286 0.18 0.00443493)
(0.240535 0.18 0.00438609)
(0.245867 0.18 0.00423394)
(0.25 0.18 0.00473675)
(0.2 0.185 0.00473255)
(0.204146 0.185 0.00422127)
(0.209475 0.185 0.00438055)
(0.214727 0.185 0.00443297)
(0.21989 0.185 0.00444448)
(0.225005 0.185 0.00444667)
(0.230121 0.185 0.00444508)
(0.235286 0.185 0.00443493)
(0.240535 0.185 0.00438609)
(0.245867 0.185 0.00423394)
(0.25 0.185 0.00473675)
(0.2 0.19 0.00473255)
(0.204146 0.19 0.00422127)
(0.209475 0.19 0.00438055)
(0.214727 0.19 0.00443297)
(0.21989 0.19 0.00444448)
(0.225005 0.19 0.00444667)
(0.230121 0.19 0.00444508)
(0.235286 0.19 0.00443493)
(0.240535 0.19 0.00438609)
(0.245867 0.19 0.00423394)
(0.25 0.19 0.00473675)
(0.2 0.195 0.00473255)
(0.204146 0.195 0.00422127)
(0.209475 0.195 0.00438055)
(0.214727 0.195 0.00443297)
(0.21989 0.195 0.00444448)
(0.225005 0.195 0.00444668)
(0.230121 0.195 0.00444508)
(0.235286 0.195 0.00443493)
(0.240535 0.195 0.00438609)
(0.245867 0.195 0.00423394)
(0.25 0.195 0.00473674)
(0.2 0.2 0.00473255)
(0.204146 0.2 0.00422127)
(0.209475 0.2 0.00438055)
(0.214727 0.2 0.00443297)
(0.21989 0.2 0.00444448)
(0.225005 0.2 0.00444668)
(0.230121 0.2 0.00444509)
(0.235286 0.2 0.00443493)
(0.240535 0.2 0.00438609)
(0.245867 0.2 0.00423393)
(0.25 0.2 0.00473673)
(0.2 0.205 0.00473255)
(0.204146 0.205 0.00422128)
(0.209475 0.205001 0.00438055)
(0.214727 0.205001 0.00443297)
(0.21989 0.205001 0.00444449)
(0.225005 0.205001 0.00444668)
(0.230121 0.205001 0.00444509)
(0.235286 0.205001 0.00443494)
(0.240535 0.205001 0.0043861)
(0.245867 0.205 0.00423392)
(0.25 0.205 0.00473671)
(0.2 0.21 0.00473258)
(0.204146 0.210001 0.00422131)
(0.209475 0.210002 0.00438056)
(0.214727 0.210003 0.00443298)
(0.21989 0.210003 0.00444449)
(0.225005 0.210003 0.00444669)
(0.230121 0.210003 0.0044451)
(0.235286 0.210003 0.00443495)
(0.240535 0.210002 0.0043861)
(0.245867 0.210001 0.0042339)
(0.25 0.21 0.00473666)
(0.2 0.215001 0.00473273)
(0.204146 0.215003 0.00422141)
(0.209475 0.215006 0.00438059)
(0.214727 0.215008 0.00443298)
(0.21989 0.215009 0.00444448)
(0.225005 0.215009 0.00444668)
(0.23012 0.215009 0.0044451)
(0.235286 0.215008 0.00443495)
(0.240534 0.215006 0.00438613)
(0.245866 0.215003 0.00423393)
(0.25 0.215001 0.00473664)
(0.2 0.220005 0.0047333)
(0.204147 0.22001 0.00422169)
(0.209476 0.220017 0.00438066)
(0.214728 0.220021 0.00443293)
(0.219891 0.220024 0.0044444)
(0.225005 0.220024 0.00444659)
(0.23012 0.220024 0.00444502)
(0.235285 0.220021 0.00443491)
(0.240533 0.220017 0.00438618)
(0.245866 0.22001 0.00423418)
(0.25 0.220004 0.00473694)
(0.2 0.225015 0.00473525)
(0.204149 0.225027 0.0042225)
(0.209479 0.225043 0.00438074)
(0.21473 0.225054 0.0044326)
(0.219892 0.225059 0.00444393)
(0.225005 0.225061 0.0044461)
(0.230119 0.225059 0.00444457)
(0.235282 0.225054 0.00443458)
(0.24053 0.225044 0.00438622)
(0.245864 0.225027 0.00423524)
(0.25 0.225014 0.00473863)
(0.2 0.230042 0.00474147)
(0.204154 0.230067 0.00422479)
(0.209488 0.230104 0.00438024)
(0.214737 0.230126 0.00443083)
(0.219895 0.230136 0.00444172)
(0.225004 0.230139 0.00444379)
(0.230115 0.230136 0.00444236)
(0.235276 0.230126 0.00443281)
(0.240522 0.230105 0.0043857)
(0.245859 0.230067 0.00423854)
(0.25 0.230041 0.00474506)
(0.2 0.235107 0.00476052)
(0.204168 0.235157 0.00423036)
(0.209509 0.235227 0.00437618)
(0.214754 0.235266 0.00442212)
(0.219903 0.235283 0.00443144)
(0.225004 0.235287 0.00443312)
(0.230106 0.235283 0.00443207)
(0.235259 0.235266 0.00442382)
(0.2405 0.235228 0.00438081)
(0.245848 0.235158 0.0042467)
(0.25 0.235105 0.00476632)
(0.2 0.240189 0.00482269)
(0.204191 0.240349 0.00423547)
(0.209559 0.240455 0.00434589)
(0.21479 0.240504 0.00437775)
(0.21992 0.240525 0.00438256)
(0.225003 0.240531 0.00438283)
(0.230088 0.240524 0.00438326)
(0.235221 0.240503 0.00437877)
(0.24045 0.240454 0.0043486)
(0.24583 0.24035 0.00425712)
(0.25 0.240191 0.00483615)
(0.2 0.244996 0.00503929)
(0.20423 0.245806 0.00424897)
(0.209666 0.245833 0.00424753)
(0.214858 0.245849 0.00424195)
(0.219948 0.245859 0.00423642)
(0.225002 0.245861 0.00423408)
(0.230057 0.245858 0.00423683)
(0.235152 0.245847 0.00424345)
(0.240349 0.245831 0.00425211)
(0.245794 0.245806 0.00427433)
(0.25 0.245021 0.00506611)
(0.2 0.25 0.00565468)
(0.205004 0.25 0.00501305)
(0.209829 0.25 0.00481975)
(0.214906 0.25 0.00476266)
(0.219967 0.25 0.00474552)
(0.225001 0.25 0.00474132)
(0.230035 0.25 0.00474481)
(0.235098 0.25 0.0047619)
(0.24018 0.25 0.00482269)
(0.245019 0.25 0.00503589)
(0.25 0.25 0.00565468)
(0.200013 0.024933 0.00974215)
(0.205012 0.0249204 0.00974222)
(0.210013 0.0249141 0.00974224)
(0.215021 0.024912 0.00974226)
(0.220043 0.0249122 0.00974224)
(0.22509 0.0249142 0.00974206)
(0.230179 0.0249187 0.0097415)
(0.235329 0.0249277 0.00974111)
(0.24054 0.0249446 0.00975041)
(0.245701 0.0249659 0.00975362)
(0.25 0.0249799 0.00982612)
(0.200033 0.0299927 0.009743)
(0.205027 0.0299683 0.00974302)
(0.210021 0.029959 0.0097429)
(0.215025 0.029957 0.00974286)
(0.220045 0.0299578 0.00974282)
(0.225092 0.0299597 0.00974265)
(0.230182 0.0299627 0.00974211)
(0.235332 0.0299678 0.00974162)
(0.240543 0.0299766 0.00975057)
(0.245702 0.0299872 0.0097533)
(0.25 0.029994 0.00982551)
(0.200088 0.0350095 0.00974574)
(0.205063 0.0349726 0.00974469)
(0.210037 0.0349683 0.00974353)
(0.215029 0.0349724 0.00974315)
(0.220045 0.0349768 0.00974303)
(0.225092 0.0349802 0.00974283)
(0.230183 0.034983 0.00974229)
(0.235333 0.0349861 0.00974177)
(0.240544 0.0349905 0.00975062)
(0.245703 0.0349955 0.00975322)
(0.25 0.0349985 0.00982535)
(0.200256 0.0399108 0.00976345)
(0.205154 0.0398992 0.00975313)
(0.210066 0.0399374 0.00974558)
(0.215034 0.039965 0.0097436)
(0.220044 0.0399798 0.00974315)
(0.22509 0.0399872 0.0097429)
(0.230182 0.0399911 0.00974235)
(0.235333 0.0399936 0.00974181)
(0.240544 0.0399961 0.00975064)
(0.245703 0.0399984 0.00975321)
(0.25 0.0399997 0.00982532)
(0.200708 0.044454 0.00985995)
(0.205361 0.0446556 0.00979822)
(0.210108 0.0448544 0.00975289)
(0.215031 0.0449397 0.00974471)
(0.220035 0.0449741 0.00974329)
(0.225084 0.0449879 0.00974292)
(0.230179 0.0449938 0.00974236)
(0.235332 0.0449965 0.00974182)
(0.240543 0.0449982 0.00975065)
(0.245703 0.0449994 0.00975321)
(0.25 0.0449999 0.00982532)
(0.2 0.05 0.0100378)
(0.205552 0.0493052 0.00985934)
(0.210096 0.0497581 0.00976195)
(0.214994 0.0499156 0.00974542)
(0.220011 0.0499684 0.00974321)
(0.225072 0.0499873 0.00974285)
(0.230173 0.0499945 0.00974234)
(0.235329 0.0499975 0.00974181)
(0.240543 0.049999 0.00975064)
(0.245703 0.0499997 0.00975322)
(0.25 0.05 0.00982533)
(0.2 0.054917 0.00988402)
(0.204811 0.0546597 0.00979931)
(0.209828 0.0548308 0.00974761)
(0.214891 0.0549315 0.0097418)
(0.219968 0.0549724 0.00974231)
(0.225053 0.0549888 0.00974263)
(0.230166 0.0549954 0.00974229)
(0.235326 0.0549981 0.0097418)
(0.240542 0.0549993 0.00975063)
(0.245703 0.0549998 0.00975322)
(0.25 0.055 0.00982533)
(0.2 0.0598298 0.00982504)
(0.204447 0.0598272 0.0097612)
(0.209624 0.0599022 0.00973935)
(0.214798 0.0599557 0.0097389)
(0.219926 0.0599806 0.00974146)
(0.225035 0.0599917 0.0097424)
(0.230158 0.0599965 0.00974222)
(0.235323 0.0599986 0.00974178)
(0.240541 0.0599995 0.00975062)
(0.245702 0.0599999 0.00975322)
(0.25 0.06 0.00982533)
(0.2 0.0649109 0.00980546)
(0.20434 0.0649188 0.00974631)
(0.209528 0.0649499 0.00973324)
(0.214741 0.0649751 0.00973694)
(0.219897 0.0649883 0.00974088)
(0.225021 0.0649947 0.00974223)
(0.230152 0.0649977 0.00974218)
(0.235321 0.064999 0.00974176)
(0.24054 0.0649997 0.00975061)
(0.245702 0.0649999 0.00975322)
(0.25 0.065 0.00982533)
(0.2 0.0699653 0.0097995)
(0.204312 0.0699655 0.00974135)
(0.20949 0.0699768 0.00972764)
(0.214713 0.0699874 0.00973557)
(0.21988 0.0699936 0.00974052)
(0.225013 0.0699969 0.00974213)
(0.230148 0.0699986 0.00974214)
(0.235319 0.0699994 0.00974175)
(0.240539 0.0699998 0.00975061)
(0.245702 0.07 0.00975322)
(0.25 0.07 0.00982533)
(0.2 0.074988 0.00979813)
(0.204304 0.0749867 0.00974007)
(0.209476 0.0749902 0.00972649)
(0.2147 0.0749942 0.00973514)
(0.219872 0.0749969 0.00974038)
(0.225008 0.0749984 0.00974209)
(0.230145 0.0749992 0.00974213)
(0.235318 0.0749997 0.00974175)
(0.240539 0.0749999 0.0097506)
(0.245702 0.075 0.00975322)
(0.25 0.075 0.00982533)
(0.2 0.0799964 0.00979789)
(0.204301 0.0799954 0.0097399)
(0.209471 0.0799962 0.00972676)
(0.214694 0.0799975 0.00973519)
(0.219868 0.0799986 0.00974037)
(0.225006 0.0799992 0.00974208)
(0.230144 0.0799996 0.00974213)
(0.235318 0.0799998 0.00974174)
(0.240539 0.0799999 0.0097506)
(0.245702 0.08 0.00975321)
(0.25 0.08 0.00982533)
(0.2 0.084999 0.00979787)
(0.2043 0.0849985 0.0097402)
(0.209469 0.0849986 0.00973013)
(0.214692 0.084999 0.00973574)
(0.219866 0.0849994 0.00974046)
(0.225005 0.0849996 0.0097421)
(0.230144 0.0849998 0.00974213)
(0.235317 0.0849999 0.00974174)
(0.240538 0.085 0.0097506)
(0.245702 0.085 0.00975321)
(0.25 0.085 0.00982533)
(0.2 0.0899998 0.00979786)
(0.2043 0.0899996 0.0097403)
(0.209468 0.0899995 0.00973063)
(0.214691 0.0899996 0.00973592)
(0.219865 0.0899997 0.00974051)
(0.225004 0.0899998 0.00974211)
(0.230143 0.0899999 0.00974213)
(0.235317 0.09 0.00974174)
(0.240538 0.09 0.0097506)
(0.245702 0.09 0.00975321)
(0.25 0.09 0.00982533)
(0.2 0.0949999 0.00979786)
(0.2043 0.0949999 0.00974031)
(0.209468 0.0949998 0.00973071)
(0.214691 0.0949999 0.00973597)
(0.219865 0.0949999 0.00974053)
(0.225004 0.0949999 0.00974211)
(0.230143 0.095 0.00974213)
(0.235317 0.095 0.00974174)
(0.240538 0.095 0.0097506)
(0.245702 0.095 0.00975321)
(0.25 0.095 0.00982533)
(0.2 0.1 0.00979786)
(0.2043 0.1 0.00974032)
(0.209468 0.0999999 0.00973072)
(0.214691 0.0999999 0.00973599)
(0.219865 0.1 0.00974053)
(0.225004 0.1 0.00974211)
(0.230143 0.1 0.00974213)
(0.235317 0.1 0.00974174)
(0.240538 0.1 0.0097506)
(0.245702 0.1 0.00975321)
(0.25 0.1 0.00982533)
(0.2 0.105 0.00979785)
(0.2043 0.105 0.00974032)
(0.209468 0.105 0.00973072)
(0.214691 0.105 0.00973599)
(0.219865 0.105 0.00974053)
(0.225004 0.105 0.00974211)
(0.230143 0.105 0.00974213)
(0.235317 0.105 0.00974174)
(0.240538 0.105 0.0097506)
(0.245702 0.105 0.00975321)
(0.25 0.105 0.00982533)
(0.2 0.11 0.00979785)
(0.2043 0.11 0.00974031)
(0.209468 0.11 0.00973072)
(0.214691 0.11 0.00973599)
(0.219865 0.11 0.00974053)
(0.225004 0.11 0.00974212)
(0.230143 0.11 0.00974213)
(0.235317 0.11 0.00974174)
(0.240538 0.11 0.0097506)
(0.245702 0.11 0.00975321)
(0.25 0.11 0.00982533)
(0.2 0.115 0.00979785)
(0.2043 0.115 0.00974031)
(0.209468 0.115 0.00973072)
(0.214691 0.115 0.00973599)
(0.219865 0.115 0.00974053)
(0.225004 0.115 0.00974212)
(0.230143 0.115 0.00974213)
(0.235317 0.115 0.00974174)
(0.240538 0.115 0.0097506)
(0.245702 0.115 0.00975321)
(0.25 0.115 0.00982533)
(0.2 0.12 0.00979785)
(0.2043 0.12 0.00974031)
(0.209468 0.12 0.00973072)
(0.214691 0.12 0.00973599)
(0.219865 0.12 0.00974053)
(0.225004 0.12 0.00974212)
(0.230143 0.12 0.00974213)
(0.235317 0.12 0.00974174)
(0.240538 0.12 0.0097506)
(0.245702 0.12 0.00975321)
(0.25 0.12 0.00982533)
(0.2 0.125 0.00979785)
(0.2043 0.125 0.00974031)
(0.209468 0.125 0.00973072)
(0.214691 0.125 0.00973599)
(0.219865 0.125 0.00974053)
(0.225004 0.125 0.00974212)
(0.230143 0.125 0.00974213)
(0.235317 0.125 0.00974174)
(0.240538 0.125 0.0097506)
(0.245702 0.125 0.00975321)
(0.25 0.125 0.00982533)
(0.2 0.13 0.00979785)
(0.2043 0.13 0.00974031)
(0.209468 0.13 0.00973072)
(0.214691 0.13 0.00973599)
(0.219865 0.13 0.00974053)
(0.225004 0.13 0.00974212)
(0.230143 0.13 0.00974213)
(0.235317 0.13 0.00974174)
(0.240538 0.13 0.0097506)
(0.245702 0.13 0.00975321)
(0.25 0.13 0.00982533)
(0.2 0.135 0.00979785)
(0.2043 0.135 0.00974031)
(0.209468 0.135 0.00973072)
(0.214691 0.135 0.00973599)
(0.219865 0.135 0.00974053)
(0.225004 0.135 0.00974212)
(0.230143 0.135 0.00974213)
(0.235317 0.135 0.00974174)
(0.240538 0.135 0.0097506)
(0.245702 0.135 0.00975321)
(0.25 0.135 0.00982533)
(0.2 0.14 0.00979785)
(0.2043 0.14 0.00974031)
(0.209468 0.14 0.00973072)
(0.214691 0.14 0.00973599)
(0.219865 0.14 0.00974053)
(0.225004 0.14 0.00974212)
(0.230143 0.14 0.00974213)
(0.235317 0.14 0.00974174)
(0.240538 0.14 0.0097506)
(0.245702 0.14 0.00975321)
(0.25 0.14 0.00982533)
(0.2 0.145 0.00979785)
(0.2043 0.145 0.00974031)
(0.209468 0.145 0.00973072)
(0.214691 0.145 0.00973599)
(0.219865 0.145 0.00974053)
(0.225004 0.145 0.00974212)
(0.230143 0.145 0.00974213)
(0.235317 0.145 0.00974174)
(0.240538 0.145 0.0097506)
(0.245702 0.145 0.00975321)
(0.25 0.145 0.00982533)
(0.2 0.15 0.00979785)
(0.2043 0.15 0.00974031)
(0.209468 0.15 0.00973072)
(0.214691 0.15 0.00973599)
(0.219865 0.15 0.00974053)
(0.225004 0.15 0.00974212)
(0.230143 0.15 0.00974213)
(0.235317 0.15 0.00974174)
(0.240538 0.15 0.0097506)
(0.245702 0.15 0.00975321)
(0.25 0.15 0.00982533)
(0.2 0.155 0.00979785)
(0.2043 0.155 0.00974031)
(0.209468 0.155 0.00973072)
(0.214691 0.155 0.00973599)
(0.219865 0.155 0.00974053)
(0.225004 0.155 0.00974212)
(0.230143 0.155 0.00974213)
(0.235317 0.155 0.00974174)
(0.240538 0.155 0.0097506)
(0.245702 0.155 0.00975321)
(0.25 0.155 0.00982533)
(0.2 0.16 0.00979785)
(0.2043 0.16 0.00974031)
(0.209468 0.16 0.00973072)
(0.214691 0.16 0.00973599)
(0.219865 0.16 0.00974053)
(0.225004 0.16 0.00974212)
(0.230143 0.16 0.00974213)
(0.235317 0.16 0.00974174)
(0.240538 0.16 0.0097506)
(0.245702 0.16 0.00975321)
(0.25 0.16 0.00982533)
(0.2 0.165 0.00979785)
(0.2043 0.165 0.00974031)
(0.209468 0.165 0.00973072)
(0.214691 0.165 0.00973599)
(0.219865 0.165 0.00974053)
(0.225004 0.165 0.00974212)
(0.230143 0.165 0.00974213)
(0.235317 0.165 0.00974174)
(0.240538 0.165 0.0097506)
(0.245702 0.165 0.00975321)
(0.25 0.165 0.00982533)
(0.2 0.17 0.00979785)
(0.2043 0.17 0.00974031)
(0.209468 0.17 0.00973072)
(0.214691 0.17 0.00973599)
(0.219865 0.17 0.00974053)
(0.225004 0.17 0.00974212)
(0.230143 0.17 0.00974213)
(0.235317 0.17 0.00974174)
(0.240538 0.17 0.0097506)
(0.245702 0.17 0.00975321)
(0.25 0.17 0.00982533)
(0.2 0.175 0.00979785)
(0.2043 0.175 0.00974031)
(0.209468 0.175 0.00973072)
(0.214691 0.175 0.00973599)
(0.219865 0.175 0.00974053)
(0.225004 0.175 0.00974212)
(0.230143 0.175 0.00974213)
(0.235317 0.175 0.00974174)
(0.240538 0.175 0.0097506)
(0.245702 0.175 0.00975321)
(0.25 0.175 0.00982533)
(0.2 0.18 0.00979785)
(0.2043 0.18 0.00974031)
(0.209468 0.18 0.00973072)
(0.214691 0.18 0.00973599)
(0.219865 0.18 0.00974053)
(0.225004 0.18 0.00974212)
(0.230143 0.18 0.00974213)
(0.235317 0.18 0.00974174)
(0.240538 0.18 0.0097506)
(0.245702 0.18 0.00975321)
(0.25 0.18 0.00982533)
(0.2 0.185 0.00979785)
(0.2043 0.185 0.00974031)
(0.209468 0.185 0.00973072)
(0.214691 0.185 0.00973599)
(0.219865 0.185 0.00974053)
(0.225004 0.185 0.00974212)
(0.230143 0.185 0.00974213)
(0.235317 0.185 0.00974174)
(0.240538 0.185 0.0097506)
(0.245702 0.185 0.00975321)
(0.25 0.185 0.00982533)
(0.2 0.19 0.00979785)
(0.2043 0.19 0.00974032)
(0.209468 0.19 0.00973073)
(0.214691 0.19 0.00973599)
(0.219865 0.19 0.00974054)
(0.225004 0.19 0.00974212)
(0.230143 0.19 0.00974213)
(0.235317 0.19 0.00974175)
(0.240538 0.19 0.0097506)
(0.245702 0.19 0.00975321)
(0.25 0.19 0.00982533)
(0.2 0.195 0.00979785)
(0.2043 0.195 0.00974032)
(0.209468 0.195 0.00973073)
(0.214691 0.195 0.00973599)
(0.219865 0.195 0.00974054)
(0.225004 0.195 0.00974212)
(0.230143 0.195 0.00974214)
(0.235317 0.195 0.00974175)
(0.240538 0.195 0.0097506)
(0.245702 0.195 0.00975321)
(0.25 0.195 0.00982533)
(0.2 0.2 0.00979785)
(0.2043 0.2 0.00974032)
(0.209468 0.200001 0.00973073)
(0.214691 0.200001 0.009736)
(0.219865 0.200001 0.00974055)
(0.225004 0.200001 0.00974213)
(0.230143 0.200001 0.00974215)
(0.235317 0.200001 0.00974175)
(0.240538 0.200001 0.0097506)
(0.245702 0.2 0.00975321)
(0.25 0.2 0.00982533)
(0.2 0.205 0.00979786)
(0.2043 0.205001 0.00974033)
(0.209468 0.205001 0.00973074)
(0.214691 0.205002 0.00973601)
(0.219865 0.205003 0.00974056)
(0.225004 0.205003 0.00974214)
(0.230143 0.205003 0.00974216)
(0.235317 0.205002 0.00974176)
(0.240538 0.205001 0.0097506)
(0.245702 0.205001 0.00975321)
(0.25 0.205 0.00982532)
(0.2 0.21 0.00979788)
(0.2043 0.210002 0.00974035)
(0.209468 0.210004 0.00973076)
(0.214691 0.210006 0.00973601)
(0.219865 0.210007 0.00974057)
(0.225004 0.210007 0.00974216)
(0.230143 0.210007 0.00974221)
(0.235317 0.210006 0.00974179)
(0.240538 0.210004 0.00975061)
(0.245702 0.210002 0.0097532)
(0.25 0.21 0.00982529)
(0.2 0.215002 0.00979794)
(0.2043 0.215005 0.00974041)
(0.209468 0.21501 0.00973076)
(0.214691 0.215014 0.009736)
(0.219865 0.215016 0.00974057)
(0.225004 0.215017 0.00974217)
(0.230143 0.215016 0.00974224)
(0.235316 0.215014 0.00974181)
(0.240538 0.21501 0.00975063)
(0.245702 0.215005 0.0097532)
(0.25 0.215002 0.00982528)
(0.2 0.220007 0.00979817)
(0.2043 0.220014 0.0097406)
(0.209469 0.220025 0.00973068)
(0.214693 0.220034 0.00973593)
(0.219866 0.220038 0.0097405)
(0.225004 0.220039 0.00974213)
(0.230142 0.220038 0.00974228)
(0.235315 0.220034 0.00974182)
(0.240537 0.220025 0.00975068)
(0.245701 0.220014 0.00975333)
(0.25 0.220007 0.00982542)
(0.2 0.225023 0.00979902)
(0.204301 0.225038 0.00974118)
(0.209472 0.225059 0.0097302)
(0.214696 0.225075 0.00973562)
(0.219868 0.225084 0.00974021)
(0.225004 0.225086 0.00974192)
(0.23014 0.225084 0.00974206)
(0.235312 0.225076 0.00974169)
(0.240534 0.225059 0.00975081)
(0.2457 0.225038 0.00975392)
(0.25 0.225023 0.0098263)
(0.2 0.230066 0.00980196)
(0.204303 0.230092 0.00974298)
(0.209479 0.230129 0.0097271)
(0.214703 0.230157 0.00973463)
(0.219872 0.230171 0.00973931)
(0.225003 0.230174 0.00974103)
(0.230135 0.230171 0.00974119)
(0.235304 0.230158 0.00974112)
(0.240527 0.23013 0.00975101)
(0.245698 0.230092 0.00975584)
(0.25 0.230066 0.00982968)
(0.2 0.235166 0.00981137)
(0.204304 0.235207 0.00974898)
(0.209494 0.235261 0.00972835)
(0.21472 0.2353 0.00973402)
(0.219882 0.235318 0.00973732)
(0.225003 0.235323 0.00973901)
(0.230125 0.235318 0.00973935)
(0.235287 0.235301 0.0097399)
(0.240512 0.235262 0.00975117)
(0.245697 0.235206 0.00976119)
(0.25 0.235165 0.00984039)
(0.2 0.240313 0.00984019)
(0.204284 0.240424 0.00976464)
(0.209525 0.240486 0.0097413)
(0.214756 0.240515 0.0097417)
(0.219901 0.240528 0.00973917)
(0.225002 0.240533 0.00974285)
(0.230103 0.240529 0.00974344)
(0.235248 0.240515 0.00974485)
(0.24048 0.240488 0.00975298)
(0.245717 0.240426 0.00977542)
(0.25 0.240316 0.00987099)
(0.2 0.245211 0.00991759)
(0.204205 0.245814 0.00979997)
(0.209588 0.24572 0.00977017)
(0.214811 0.245697 0.00975818)
(0.219929 0.245697 0.00975439)
(0.225001 0.245699 0.00975569)
(0.230074 0.245697 0.00975507)
(0.235193 0.245697 0.00975972)
(0.240416 0.245721 0.00977452)
(0.245799 0.245817 0.00981588)
(0.25 0.245229 0.00994409)
(0.2 0.25 0.0100671)
(0.204789 0.25 0.00992142)
(0.209711 0.25 0.00985779)
(0.214852 0.25 0.00983521)
(0.219948 0.25 0.00982831)
(0.225 0.25 0.00982675)
(0.230054 0.25 0.00982843)
(0.23515 0.25 0.00983623)
(0.240293 0.25 0.00986168)
(0.245214 0.25 0.00993056)
(0.25 0.25 0.0100671)
(0.200013 0.024933 0.0152579)
(0.205012 0.0249204 0.0152579)
(0.210013 0.0249141 0.015258)
(0.21502 0.024912 0.0152581)
(0.220041 0.0249122 0.0152584)
(0.225087 0.0249142 0.0152592)
(0.230175 0.0249187 0.0152611)
(0.235322 0.0249276 0.0152651)
(0.240535 0.0249446 0.0152663)
(0.245704 0.0249659 0.0152778)
(0.25 0.0249801 0.0152206)
(0.200033 0.0299927 0.015257)
(0.205027 0.0299683 0.0152571)
(0.210021 0.029959 0.0152573)
(0.215024 0.029957 0.0152576)
(0.220043 0.0299578 0.0152579)
(0.225089 0.0299597 0.0152587)
(0.230178 0.0299627 0.0152606)
(0.235326 0.0299677 0.0152648)
(0.240538 0.0299766 0.0152665)
(0.245705 0.0299872 0.0152786)
(0.25 0.0299941 0.0152215)
(0.200088 0.0350095 0.0152543)
(0.205063 0.0349726 0.0152554)
(0.210037 0.0349683 0.0152567)
(0.215029 0.0349724 0.0152573)
(0.220044 0.0349768 0.0152577)
(0.225089 0.0349802 0.0152586)
(0.230178 0.034983 0.0152605)
(0.235327 0.0349861 0.0152648)
(0.240539 0.0349905 0.0152666)
(0.245705 0.0349955 0.0152788)
(0.25 0.0349985 0.0152218)
(0.200256 0.0399108 0.0152366)
(0.205154 0.0398992 0.015247)
(0.210066 0.0399374 0.0152546)
(0.215034 0.039965 0.0152568)
(0.220042 0.0399798 0.0152576)
(0.225087 0.0399872 0.0152585)
(0.230177 0.0399911 0.0152605)
(0.235327 0.0399937 0.0152648)
(0.240539 0.0399961 0.0152666)
(0.245705 0.0399984 0.0152789)
(0.25 0.0399997 0.0152219)
(0.200708 0.044454 0.0151401)
(0.205361 0.0446556 0.0152019)
(0.210107 0.0448544 0.0152473)
(0.21503 0.0449397 0.0152557)
(0.220034 0.0449741 0.0152575)
(0.225081 0.0449879 0.0152585)
(0.230174 0.0449938 0.0152605)
(0.235325 0.0449965 0.0152648)
(0.240538 0.0449982 0.0152666)
(0.245705 0.0449994 0.015279)
(0.25 0.0449999 0.0152219)
(0.2 0.05 0.0149622)
(0.205552 0.0493052 0.0151407)
(0.210096 0.0497581 0.0152382)
(0.214994 0.0499156 0.015255)
(0.22001 0.0499684 0.0152576)
(0.225069 0.0499873 0.0152586)
(0.230169 0.0499945 0.0152605)
(0.235323 0.0499975 0.0152648)
(0.240538 0.049999 0.0152666)
(0.245705 0.0499997 0.015279)
(0.25 0.05 0.0152219)
(0.2 0.054917 0.015116)
(0.204811 0.0546597 0.0152007)
(0.209828 0.0548308 0.0152526)
(0.214891 0.0549315 0.0152586)
(0.219967 0.0549724 0.0152585)
(0.225051 0.0549888 0.0152588)
(0.230161 0.0549954 0.0152606)
(0.23532 0.0549981 0.0152648)
(0.240537 0.0549993 0.0152667)
(0.245705 0.0549998 0.015279)
(0.25 0.055 0.0152219)
(0.2 0.0598298 0.015175)
(0.204447 0.0598272 0.0152389)
(0.209623 0.0599022 0.0152608)
(0.214797 0.0599557 0.0152615)
(0.219925 0.0599806 0.0152593)
(0.225032 0.0599917 0.015259)
(0.230153 0.0599965 0.0152606)
(0.235317 0.0599986 0.0152649)
(0.240536 0.0599995 0.0152667)
(0.245705 0.0599999 0.015279)
(0.25 0.06 0.0152219)
(0.2 0.0649109 0.0151946)
(0.20434 0.0649188 0.0152537)
(0.209528 0.0649499 0.0152669)
(0.21474 0.0649751 0.0152635)
(0.219895 0.0649883 0.0152599)
(0.225019 0.0649947 0.0152592)
(0.230147 0.0649977 0.0152607)
(0.235314 0.064999 0.0152649)
(0.240535 0.0649997 0.0152667)
(0.245704 0.0649999 0.015279)
(0.25 0.065 0.0152219)
(0.2 0.0699653 0.0152005)
(0.204312 0.0699655 0.0152587)
(0.20949 0.0699768 0.0152725)
(0.214712 0.0699874 0.0152648)
(0.219879 0.0699936 0.0152603)
(0.22501 0.0699969 0.0152593)
(0.230143 0.0699986 0.0152607)
(0.235313 0.0699994 0.0152649)
(0.240534 0.0699998 0.0152667)
(0.245704 0.07 0.015279)
(0.25 0.07 0.0152219)
(0.2 0.074988 0.0152019)
(0.204304 0.0749867 0.01526)
(0.209476 0.0749902 0.0152737)
(0.214699 0.0749942 0.0152653)
(0.21987 0.0749969 0.0152604)
(0.225005 0.0749984 0.0152594)
(0.230141 0.0749992 0.0152607)
(0.235312 0.0749997 0.0152649)
(0.240534 0.0749999 0.0152667)
(0.245704 0.075 0.015279)
(0.25 0.075 0.0152219)
(0.2 0.0799964 0.0152021)
(0.204301 0.0799954 0.0152602)
(0.209471 0.0799962 0.0152734)
(0.214694 0.0799975 0.0152652)
(0.219866 0.0799986 0.0152604)
(0.225003 0.0799992 0.0152594)
(0.23014 0.0799996 0.0152607)
(0.235311 0.0799998 0.0152649)
(0.240533 0.0799999 0.0152667)
(0.245704 0.08 0.015279)
(0.25 0.08 0.0152219)
(0.2 0.084999 0.0152022)
(0.2043 0.0849985 0.0152599)
(0.209469 0.0849986 0.0152701)
(0.214692 0.084999 0.0152647)
(0.219865 0.0849994 0.0152603)
(0.225002 0.0849996 0.0152593)
(0.230139 0.0849998 0.0152607)
(0.235311 0.0849999 0.0152649)
(0.240533 0.085 0.0152667)
(0.245704 0.085 0.015279)
(0.25 0.085 0.0152219)
(0.2 0.0899998 0.0152022)
(0.2043 0.0899996 0.0152598)
(0.209468 0.0899995 0.0152695)
(0.214691 0.0899996 0.0152645)
(0.219864 0.0899997 0.0152603)
(0.225002 0.0899998 0.0152593)
(0.230139 0.0899999 0.0152607)
(0.235311 0.09 0.0152649)
(0.240533 0.09 0.0152667)
(0.245704 0.09 0.015279)
(0.25 0.09 0.0152219)
(0.2 0.0949999 0.0152022)
(0.2043 0.0949999 0.0152597)
(0.209468 0.0949998 0.0152695)
(0.21469 0.0949999 0.0152644)
(0.219864 0.0949999 0.0152603)
(0.225001 0.0949999 0.0152593)
(0.230139 0.095 0.0152607)
(0.235311 0.095 0.0152649)
(0.240533 0.095 0.0152667)
(0.245704 0.095 0.015279)
(0.25 0.095 0.0152219)
(0.2 0.1 0.0152022)
(0.2043 0.1 0.0152597)
(0.209468 0.0999999 0.0152694)
(0.21469 0.0999999 0.0152644)
(0.219864 0.1 0.0152603)
(0.225001 0.1 0.0152593)
(0.230139 0.1 0.0152607)
(0.235311 0.1 0.0152649)
(0.240533 0.1 0.0152667)
(0.245704 0.1 0.015279)
(0.25 0.1 0.0152219)
(0.2 0.105 0.0152022)
(0.2043 0.105 0.0152597)
(0.209467 0.105 0.0152694)
(0.21469 0.105 0.0152644)
(0.219864 0.105 0.0152603)
(0.225001 0.105 0.0152593)
(0.230139 0.105 0.0152607)
(0.235311 0.105 0.0152649)
(0.240533 0.105 0.0152667)
(0.245704 0.105 0.015279)
(0.25 0.105 0.0152219)
(0.2 0.11 0.0152022)
(0.2043 0.11 0.0152597)
(0.209467 0.11 0.0152694)
(0.21469 0.11 0.0152644)
(0.219864 0.11 0.0152603)
(0.225001 0.11 0.0152593)
(0.230139 0.11 0.0152607)
(0.235311 0.11 0.0152649)
(0.240533 0.11 0.0152667)
(0.245704 0.11 0.015279)
(0.25 0.11 0.0152219)
(0.2 0.115 0.0152022)
(0.2043 0.115 0.0152597)
(0.209467 0.115 0.0152694)
(0.21469 0.115 0.0152644)
(0.219864 0.115 0.0152603)
(0.225001 0.115 0.0152593)
(0.230139 0.115 0.0152607)
(0.235311 0.115 0.0152649)
(0.240533 0.115 0.0152667)
(0.245704 0.115 0.015279)
(0.25 0.115 0.0152219)
(0.2 0.12 0.0152022)
(0.2043 0.12 0.0152597)
(0.209467 0.12 0.0152694)
(0.21469 0.12 0.0152644)
(0.219864 0.12 0.0152603)
(0.225001 0.12 0.0152593)
(0.230139 0.12 0.0152607)
(0.235311 0.12 0.0152649)
(0.240533 0.12 0.0152667)
(0.245704 0.12 0.015279)
(0.25 0.12 0.0152219)
(0.2 0.125 0.0152022)
(0.2043 0.125 0.0152597)
(0.209467 0.125 0.0152694)
(0.21469 0.125 0.0152644)
(0.219864 0.125 0.0152603)
(0.225001 0.125 0.0152593)
(0.230139 0.125 0.0152607)
(0.235311 0.125 0.0152649)
(0.240533 0.125 0.0152667)
(0.245704 0.125 0.015279)
(0.25 0.125 0.0152219)
(0.2 0.13 0.0152022)
(0.2043 0.13 0.0152597)
(0.209467 0.13 0.0152694)
(0.21469 0.13 0.0152644)
(0.219864 0.13 0.0152603)
(0.225001 0.13 0.0152593)
(0.230139 0.13 0.0152607)
(0.235311 0.13 0.0152649)
(0.240533 0.13 0.0152667)
(0.245704 0.13 0.015279)
(0.25 0.13 0.0152219)
(0.2 0.135 0.0152022)
(0.2043 0.135 0.0152597)
(0.209467 0.135 0.0152694)
(0.21469 0.135 0.0152644)
(0.219864 0.135 0.0152603)
(0.225001 0.135 0.0152593)
(0.230139 0.135 0.0152607)
(0.235311 0.135 0.0152649)
(0.240533 0.135 0.0152667)
(0.245704 0.135 0.015279)
(0.25 0.135 0.0152219)
(0.2 0.14 0.0152022)
(0.2043 0.14 0.0152597)
(0.209467 0.14 0.0152694)
(0.21469 0.14 0.0152644)
(0.219864 0.14 0.0152603)
(0.225001 0.14 0.0152593)
(0.230139 0.14 0.0152607)
(0.235311 0.14 0.0152649)
(0.240533 0.14 0.0152667)
(0.245704 0.14 0.015279)
(0.25 0.14 0.0152219)
(0.2 0.145 0.0152022)
(0.2043 0.145 0.0152597)
(0.209467 0.145 0.0152694)
(0.21469 0.145 0.0152644)
(0.219864 0.145 0.0152603)
(0.225001 0.145 0.0152593)
(0.230139 0.145 0.0152607)
(0.235311 0.145 0.0152649)
(0.240533 0.145 0.0152667)
(0.245704 0.145 0.015279)
(0.25 0.145 0.0152219)
(0.2 0.15 0.0152022)
(0.2043 0.15 0.0152597)
(0.209467 0.15 0.0152694)
(0.21469 0.15 0.0152644)
(0.219864 0.15 0.0152603)
(0.225001 0.15 0.0152593)
(0.230139 0.15 0.0152607)
(0.235311 0.15 0.0152649)
(0.240533 0.15 0.0152667)
(0.245704 0.15 0.015279)
(0.25 0.15 0.0152219)
(0.2 0.155 0.0152022)
(0.2043 0.155 0.0152597)
(0.209467 0.155 0.0152694)
(0.21469 0.155 0.0152644)
(0.219864 0.155 0.0152603)
(0.225001 0.155 0.0152593)
(0.230139 0.155 0.0152607)
(0.235311 0.155 0.0152649)
(0.240533 0.155 0.0152667)
(0.245704 0.155 0.015279)
(0.25 0.155 0.0152219)
(0.2 0.16 0.0152022)
(0.2043 0.16 0.0152597)
(0.209467 0.16 0.0152694)
(0.21469 0.16 0.0152644)
(0.219864 0.16 0.0152603)
(0.225001 0.16 0.0152593)
(0.230139 0.16 0.0152607)
(0.235311 0.16 0.0152649)
(0.240533 0.16 0.0152667)
(0.245704 0.16 0.015279)
(0.25 0.16 0.0152219)
(0.2 0.165 0.0152022)
(0.2043 0.165 0.0152597)
(0.209467 0.165 0.0152694)
(0.21469 0.165 0.0152644)
(0.219864 0.165 0.0152603)
(0.225001 0.165 0.0152593)
(0.230139 0.165 0.0152607)
(0.235311 0.165 0.0152649)
(0.240533 0.165 0.0152667)
(0.245704 0.165 0.015279)
(0.25 0.165 0.0152219)
(0.2 0.17 0.0152022)
(0.2043 0.17 0.0152597)
(0.209467 0.17 0.0152694)
(0.21469 0.17 0.0152644)
(0.219864 0.17 0.0152603)
(0.225001 0.17 0.0152593)
(0.230139 0.17 0.0152607)
(0.235311 0.17 0.0152649)
(0.240533 0.17 0.0152667)
(0.245704 0.17 0.015279)
(0.25 0.17 0.0152219)
(0.2 0.175 0.0152022)
(0.2043 0.175 0.0152597)
(0.209467 0.175 0.0152694)
(0.21469 0.175 0.0152644)
(0.219864 0.175 0.0152603)
(0.225001 0.175 0.0152593)
(0.230139 0.175 0.0152607)
(0.235311 0.175 0.0152649)
(0.240533 0.175 0.0152667)
(0.245704 0.175 0.015279)
(0.25 0.175 0.0152219)
(0.2 0.18 0.0152022)
(0.2043 0.18 0.0152597)
(0.209467 0.18 0.0152694)
(0.21469 0.18 0.0152644)
(0.219864 0.18 0.0152603)
(0.225001 0.18 0.0152593)
(0.230139 0.18 0.0152607)
(0.235311 0.18 0.0152649)
(0.240533 0.18 0.0152667)
(0.245704 0.18 0.015279)
(0.25 0.18 0.0152219)
(0.2 0.185 0.0152022)
(0.2043 0.185 0.0152597)
(0.209467 0.185 0.0152694)
(0.21469 0.185 0.0152644)
(0.219864 0.185 0.0152603)
(0.225001 0.185 0.0152593)
(0.230139 0.185 0.0152607)
(0.235311 0.185 0.0152649)
(0.240533 0.185 0.0152667)
(0.245704 0.185 0.015279)
(0.25 0.185 0.0152219)
(0.2 0.19 0.0152022)
(0.2043 0.19 0.0152597)
(0.209467 0.19 0.0152694)
(0.21469 0.19 0.0152644)
(0.219864 0.19 0.0152603)
(0.225001 0.19 0.0152593)
(0.230139 0.19 0.0152607)
(0.235311 0.19 0.0152649)
(0.240533 0.19 0.0152667)
(0.245704 0.19 0.015279)
(0.25 0.19 0.0152219)
(0.2 0.195 0.0152022)
(0.2043 0.195 0.0152597)
(0.209467 0.195 0.0152694)
(0.21469 0.195 0.0152644)
(0.219864 0.195 0.0152603)
(0.225001 0.195 0.0152593)
(0.230138 0.195 0.0152607)
(0.235311 0.195 0.0152649)
(0.240533 0.195 0.0152667)
(0.245704 0.195 0.015279)
(0.25 0.195 0.0152219)
(0.2 0.2 0.0152022)
(0.2043 0.2 0.0152597)
(0.209467 0.200001 0.0152695)
(0.21469 0.200001 0.0152644)
(0.219864 0.200001 0.0152603)
(0.225001 0.200001 0.0152593)
(0.230138 0.200001 0.0152607)
(0.235311 0.200001 0.0152649)
(0.240533 0.200001 0.0152667)
(0.245704 0.2 0.015279)
(0.25 0.2 0.0152219)
(0.2 0.205 0.0152022)
(0.2043 0.205001 0.0152598)
(0.209468 0.205001 0.0152695)
(0.21469 0.205002 0.0152645)
(0.219864 0.205003 0.0152603)
(0.225001 0.205003 0.0152594)
(0.230138 0.205003 0.0152607)
(0.23531 0.205002 0.0152649)
(0.240533 0.205001 0.0152667)
(0.245704 0.205001 0.015279)
(0.25 0.205 0.0152219)
(0.2 0.21 0.0152022)
(0.2043 0.210002 0.0152597)
(0.209468 0.210004 0.0152695)
(0.21469 0.210005 0.0152645)
(0.219864 0.210006 0.0152604)
(0.225001 0.210007 0.0152594)
(0.230138 0.210006 0.0152608)
(0.23531 0.210005 0.0152649)
(0.240533 0.210004 0.0152667)
(0.245704 0.210002 0.0152789)
(0.25 0.21 0.0152219)
(0.2 0.215002 0.0152021)
(0.2043 0.215005 0.0152597)
(0.209468 0.21501 0.0152695)
(0.214691 0.215014 0.0152646)
(0.219864 0.215016 0.0152605)
(0.225001 0.215016 0.0152595)
(0.230138 0.215016 0.0152608)
(0.23531 0.215014 0.015265)
(0.240533 0.21501 0.0152666)
(0.245704 0.215005 0.0152789)
(0.25 0.215002 0.0152218)
(0.2 0.220007 0.0152018)
(0.2043 0.220014 0.0152595)
(0.209469 0.220025 0.0152697)
(0.214692 0.220033 0.0152648)
(0.219865 0.220037 0.0152607)
(0.225001 0.220038 0.0152597)
(0.230137 0.220037 0.0152609)
(0.235309 0.220033 0.015265)
(0.240532 0.220025 0.0152666)
(0.245703 0.220014 0.0152786)
(0.25 0.220007 0.0152215)
(0.2 0.225023 0.0152008)
(0.204301 0.225038 0.0152589)
(0.209472 0.225058 0.0152704)
(0.214695 0.225074 0.0152654)
(0.219866 0.225081 0.0152613)
(0.225001 0.225084 0.0152602)
(0.230136 0.225081 0.0152614)
(0.235306 0.225074 0.0152654)
(0.240529 0.225058 0.0152665)
(0.245702 0.225038 0.0152778)
(0.25 0.225023 0.0152205)
(0.2 0.230066 0.0151976)
(0.204303 0.230092 0.0152571)
(0.209479 0.230128 0.015274)
(0.214702 0.230154 0.0152672)
(0.219871 0.230167 0.015263)
(0.225001 0.230171 0.0152619)
(0.230131 0.230167 0.015263)
(0.235298 0.230155 0.0152665)
(0.240522 0.230128 0.0152663)
(0.2457 0.230092 0.0152754)
(0.25 0.230066 0.0152176)
(0.2 0.235165 0.0151883)
(0.204304 0.235206 0.0152517)
(0.209494 0.235261 0.0152745)
(0.214719 0.235297 0.0152701)
(0.219881 0.235314 0.0152673)
(0.225001 0.235319 0.0152662)
(0.230121 0.235314 0.015267)
(0.235282 0.235297 0.0152693)
(0.240508 0.23526 0.0152662)
(0.245698 0.235206 0.0152665)
(0.25 0.235165 0.0152087)
(0.2 0.240312 0.0151606)
(0.204283 0.240424 0.0152378)
(0.209525 0.240487 0.0152665)
(0.214756 0.240517 0.0152696)
(0.219901 0.240532 0.0152735)
(0.225001 0.240535 0.0152707)
(0.230101 0.240531 0.0152703)
(0.235246 0.240517 0.0152703)
(0.240477 0.240486 0.0152664)
(0.245717 0.240426 0.0152493)
(0.25 0.240315 0.0151805)
(0.2 0.245211 0.0150867)
(0.204207 0.245812 0.0152)
(0.209587 0.245717 0.0152468)
(0.21481 0.245697 0.0152622)
(0.219928 0.245697 0.0152694)
(0.225 0.245698 0.015271)
(0.230073 0.245697 0.0152695)
(0.235191 0.245697 0.0152643)
(0.240414 0.245718 0.0152491)
(0.245794 0.245815 0.0152102)
(0.25 0.24522 0.0151007)
(0.2 0.25 0.0149329)
(0.204798 0.25 0.0150953)
(0.209716 0.25 0.0151774)
(0.214853 0.25 0.0152076)
(0.219948 0.25 0.015217)
(0.225 0.25 0.0152192)
(0.230053 0.25 0.0152173)
(0.235148 0.25 0.0152085)
(0.240285 0.25 0.0151797)
(0.245201 0.25 0.015099)
(0.25 0.25 0.0149329)
(0.200006 0.0249568 0.020553)
(0.205005 0.0249476 0.0205529)
(0.210006 0.0249429 0.0205529)
(0.21501 0.0249412 0.020553)
(0.220024 0.0249411 0.0205532)
(0.225058 0.024942 0.0205538)
(0.230133 0.0249445 0.0205565)
(0.235277 0.0249499 0.0205678)
(0.240514 0.0249601 0.0206197)
(0.245856 0.0249766 0.0207786)
(0.25 0.0249876 0.0202762)
(0.200015 0.0300092 0.0205527)
(0.205011 0.0299884 0.0205524)
(0.210009 0.029979 0.0205523)
(0.215011 0.029976 0.0205523)
(0.220024 0.0299757 0.0205525)
(0.225059 0.0299765 0.0205532)
(0.230135 0.0299779 0.0205559)
(0.235279 0.0299804 0.0205673)
(0.240516 0.0299849 0.0206197)
(0.245858 0.0299917 0.0207793)
(0.25 0.0299963 0.0202778)
(0.200039 0.0350445 0.0205541)
(0.205025 0.0350045 0.0205531)
(0.210014 0.0349908 0.0205525)
(0.215012 0.0349881 0.0205523)
(0.220024 0.0349888 0.0205524)
(0.225059 0.0349901 0.0205531)
(0.230135 0.0349913 0.0205558)
(0.23528 0.0349927 0.0205673)
(0.240517 0.0349946 0.0206197)
(0.245858 0.0349973 0.0207796)
(0.25 0.034999 0.0202782)
(0.200114 0.0400347 0.0205592)
(0.205057 0.0399854 0.0205583)
(0.210019 0.0399818 0.0205543)
(0.21501 0.0399866 0.0205526)
(0.220021 0.0399913 0.0205524)
(0.225057 0.0399942 0.0205531)
(0.230134 0.039996 0.0205558)
(0.23528 0.0399971 0.0205673)
(0.240517 0.0399981 0.0206198)
(0.245858 0.0399991 0.0207797)
(0.25 0.0399998 0.0202784)
(0.200388 0.044794 0.0205156)
(0.205126 0.0448791 0.0205691)
(0.210016 0.0449445 0.0205585)
(0.214996 0.044975 0.0205533)
(0.220012 0.0449885 0.0205526)
(0.225053 0.0449946 0.0205531)
(0.230133 0.0449972 0.0205558)
(0.235279 0.0449985 0.0205673)
(0.240517 0.0449992 0.0206198)
(0.245858 0.0449997 0.0207797)
(0.25 0.045 0.0202784)
(0.2 0.05 0.0195823)
(0.205214 0.0496333 0.0205199)
(0.209967 0.0498894 0.0205601)
(0.214957 0.0499616 0.0205544)
(0.219992 0.0499853 0.0205529)
(0.225044 0.0499941 0.0205532)
(0.230129 0.0499975 0.0205558)
(0.235278 0.0499989 0.0205673)
(0.240517 0.0499995 0.0206198)
(0.245858 0.0499999 0.0207797)
(0.25 0.05 0.0202784)
(0.2 0.0549226 0.0201105)
(0.204583 0.05482 0.0206767)
(0.209754 0.0549219 0.0205915)
(0.214875 0.054968 0.0205601)
(0.219959 0.0549869 0.0205541)
(0.225031 0.0549947 0.0205534)
(0.230124 0.0549979 0.0205558)
(0.235276 0.0549992 0.0205673)
(0.240516 0.0549997 0.0206198)
(0.245858 0.0549999 0.0207797)
(0.25 0.055 0.0202784)
(0.2 0.0598847 0.0202278)
(0.204272 0.0599108 0.0207491)
(0.209598 0.0599553 0.0206096)
(0.214804 0.0599794 0.0205642)
(0.219928 0.0599908 0.020555)
(0.225019 0.0599961 0.0205537)
(0.23012 0.0599984 0.0205559)
(0.235275 0.0599994 0.0205673)
(0.240516 0.0599998 0.0206198)
(0.245858 0.0599999 0.0207797)
(0.25 0.06 0.0202784)
(0.2 0.0649424 0.0202597)
(0.204181 0.0649599 0.0207718)
(0.209523 0.0649778 0.0206167)
(0.214761 0.0649887 0.0205662)
(0.219908 0.0649946 0.0205555)
(0.22501 0.0649976 0.0205538)
(0.230116 0.064999 0.0205559)
(0.235274 0.0649996 0.0205673)
(0.240515 0.0649998 0.0206198)
(0.245858 0.065 0.0207797)
(0.25 0.065 0.0202784)
(0.2 0.0699782 0.0202669)
(0.204157 0.0699838 0.0207776)
(0.209493 0.0699901 0.0206193)
(0.21474 0.0699946 0.0205671)
(0.219897 0.0699972 0.0205558)
(0.225005 0.0699987 0.0205539)
(0.230114 0.0699994 0.0205559)
(0.235273 0.0699998 0.0205673)
(0.240515 0.0699999 0.0206198)
(0.245858 0.07 0.0207797)
(0.25 0.07 0.0202784)
(0.2 0.0749926 0.0202677)
(0.20415 0.074994 0.0207788)
(0.209481 0.074996 0.02062)
(0.214731 0.0749976 0.0205674)
(0.219891 0.0749987 0.0205559)
(0.225002 0.0749993 0.0205539)
(0.230113 0.0749997 0.0205559)
(0.235272 0.0749999 0.0205673)
(0.240515 0.0749999 0.0206198)
(0.245858 0.075 0.0207797)
(0.25 0.075 0.0202784)
(0.2 0.0799978 0.0202675)
(0.204147 0.079998 0.0207789)
(0.209477 0.0799985 0.0206201)
(0.214728 0.079999 0.0205674)
(0.219889 0.0799994 0.0205559)
(0.225001 0.0799997 0.0205539)
(0.230112 0.0799999 0.020556)
(0.235272 0.0799999 0.0205673)
(0.240515 0.08 0.0206198)
(0.245858 0.08 0.0207797)
(0.25 0.08 0.0202784)
(0.2 0.0849994 0.0202674)
(0.204147 0.0849994 0.0207788)
(0.209475 0.0849995 0.0206197)
(0.214726 0.0849996 0.0205673)
(0.219888 0.0849998 0.0205559)
(0.225 0.0849999 0.0205539)
(0.230112 0.0849999 0.020556)
(0.235272 0.085 0.0205673)
(0.240515 0.085 0.0206198)
(0.245858 0.085 0.0207797)
(0.25 0.085 0.0202784)
(0.2 0.0899999 0.0202674)
(0.204146 0.0899998 0.0207788)
(0.209475 0.0899998 0.0206195)
(0.214726 0.0899999 0.0205672)
(0.219888 0.0899999 0.0205559)
(0.225 0.0899999 0.0205539)
(0.230112 0.09 0.020556)
(0.235272 0.09 0.0205673)
(0.240515 0.09 0.0206198)
(0.245858 0.09 0.0207797)
(0.25 0.09 0.0202784)
(0.2 0.095 0.0202675)
(0.204146 0.0949999 0.0207788)
(0.209475 0.0949999 0.0206195)
(0.214726 0.095 0.0205672)
(0.219888 0.095 0.0205559)
(0.225 0.095 0.0205539)
(0.230112 0.095 0.0205559)
(0.235272 0.095 0.0205673)
(0.240515 0.095 0.0206198)
(0.245858 0.095 0.0207797)
(0.25 0.095 0.0202784)
(0.2 0.1 0.0202675)
(0.204146 0.1 0.0207788)
(0.209475 0.1 0.0206195)
(0.214726 0.1 0.0205672)
(0.219888 0.1 0.0205559)
(0.225 0.1 0.0205539)
(0.230112 0.1 0.0205559)
(0.235272 0.1 0.0205673)
(0.240515 0.1 0.0206198)
(0.245858 0.1 0.0207797)
(0.25 0.1 0.0202784)
(0.2 0.105 0.0202675)
(0.204146 0.105 0.0207788)
(0.209475 0.105 0.0206195)
(0.214726 0.105 0.0205672)
(0.219888 0.105 0.0205559)
(0.225 0.105 0.0205539)
(0.230112 0.105 0.0205559)
(0.235272 0.105 0.0205673)
(0.240515 0.105 0.0206198)
(0.245858 0.105 0.0207797)
(0.25 0.105 0.0202784)
(0.2 0.11 0.0202675)
(0.204146 0.11 0.0207788)
(0.209475 0.11 0.0206195)
(0.214726 0.11 0.0205672)
(0.219888 0.11 0.0205559)
(0.225 0.11 0.0205539)
(0.230112 0.11 0.0205559)
(0.235272 0.11 0.0205673)
(0.240515 0.11 0.0206198)
(0.245858 0.11 0.0207797)
(0.25 0.11 0.0202784)
(0.2 0.115 0.0202675)
(0.204146 0.115 0.0207788)
(0.209475 0.115 0.0206195)
(0.214726 0.115 0.0205672)
(0.219888 0.115 0.0205559)
(0.225 0.115 0.0205539)
(0.230112 0.115 0.0205559)
(0.235272 0.115 0.0205673)
(0.240515 0.115 0.0206198)
(0.245858 0.115 0.0207797)
(0.25 0.115 0.0202784)
(0.2 0.12 0.0202675)
(0.204146 0.12 0.0207788)
(0.209475 0.12 0.0206195)
(0.214726 0.12 0.0205672)
(0.219888 0.12 0.0205559)
(0.225 0.12 0.0205539)
(0.230112 0.12 0.0205559)
(0.235272 0.12 0.0205673)
(0.240515 0.12 0.0206198)
(0.245858 0.12 0.0207797)
(0.25 0.12 0.0202784)
(0.2 0.125 0.0202675)
(0.204146 0.125 0.0207788)
(0.209475 0.125 0.0206195)
(0.214726 0.125 0.0205672)
(0.219888 0.125 0.0205559)
(0.225 0.125 0.0205539)
(0.230112 0.125 0.0205559)
(0.235272 0.125 0.0205673)
(0.240515 0.125 0.0206198)
(0.245858 0.125 0.0207797)
(0.25 0.125 0.0202784)
(0.2 0.13 0.0202675)
(0.204146 0.13 0.0207788)
(0.209475 0.13 0.0206195)
(0.214726 0.13 0.0205672)
(0.219888 0.13 0.0205559)
(0.225 0.13 0.0205539)
(0.230112 0.13 0.0205559)
(0.235272 0.13 0.0205673)
(0.240515 0.13 0.0206198)
(0.245858 0.13 0.0207797)
(0.25 0.13 0.0202784)
(0.2 0.135 0.0202675)
(0.204146 0.135 0.0207788)
(0.209475 0.135 0.0206195)
(0.214726 0.135 0.0205672)
(0.219888 0.135 0.0205559)
(0.225 0.135 0.0205539)
(0.230112 0.135 0.0205559)
(0.235272 0.135 0.0205673)
(0.240515 0.135 0.0206198)
(0.245858 0.135 0.0207797)
(0.25 0.135 0.0202784)
(0.2 0.14 0.0202675)
(0.204146 0.14 0.0207788)
(0.209475 0.14 0.0206195)
(0.214726 0.14 0.0205672)
(0.219888 0.14 0.0205559)
(0.225 0.14 0.0205539)
(0.230112 0.14 0.0205559)
(0.235272 0.14 0.0205673)
(0.240515 0.14 0.0206198)
(0.245858 0.14 0.0207797)
(0.25 0.14 0.0202784)
(0.2 0.145 0.0202675)
(0.204146 0.145 0.0207788)
(0.209475 0.145 0.0206195)
(0.214726 0.145 0.0205672)
(0.219888 0.145 0.0205559)
(0.225 0.145 0.0205539)
(0.230112 0.145 0.0205559)
(0.235272 0.145 0.0205673)
(0.240515 0.145 0.0206198)
(0.245858 0.145 0.0207797)
(0.25 0.145 0.0202784)
(0.2 0.15 0.0202675)
(0.204146 0.15 0.0207788)
(0.209475 0.15 0.0206195)
(0.214726 0.15 0.0205672)
(0.219888 0.15 0.0205559)
(0.225 0.15 0.0205539)
(0.230112 0.15 0.0205559)
(0.235272 0.15 0.0205673)
(0.240515 0.15 0.0206198)
(0.245858 0.15 0.0207797)
(0.25 0.15 0.0202784)
(0.2 0.155 0.0202675)
(0.204146 0.155 0.0207788)
(0.209475 0.155 0.0206195)
(0.214726 0.155 0.0205672)
(0.219888 0.155 0.0205559)
(0.225 0.155 0.0205539)
(0.230112 0.155 0.0205559)
(0.235272 0.155 0.0205673)
(0.240515 0.155 0.0206198)
(0.245858 0.155 0.0207797)
(0.25 0.155 0.0202784)
(0.2 0.16 0.0202675)
(0.204146 0.16 0.0207788)
(0.209475 0.16 0.0206195)
(0.214726 0.16 0.0205672)
(0.219888 0.16 0.0205559)
(0.225 0.16 0.0205539)
(0.230112 0.16 0.0205559)
(0.235272 0.16 0.0205673)
(0.240515 0.16 0.0206198)
(0.245858 0.16 0.0207797)
(0.25 0.16 0.0202784)
(0.2 0.165 0.0202675)
(0.204146 0.165 0.0207788)
(0.209475 0.165 0.0206195)
(0.214726 0.165 0.0205672)
(0.219888 0.165 0.0205559)
(0.225 0.165 0.0205539)
(0.230112 0.165 0.0205559)
(0.235272 0.165 0.0205673)
(0.240515 0.165 0.0206198)
(0.245858 0.165 0.0207797)
(0.25 0.165 0.0202784)
(0.2 0.17 0.0202675)
(0.204146 0.17 0.0207788)
(0.209475 0.17 0.0206195)
(0.214726 0.17 0.0205672)
(0.219888 0.17 0.0205559)
(0.225 0.17 0.0205539)
(0.230112 0.17 0.0205559)
(0.235272 0.17 0.0205673)
(0.240515 0.17 0.0206198)
(0.245858 0.17 0.0207797)
(0.25 0.17 0.0202784)
(0.2 0.175 0.0202675)
(0.204146 0.175 0.0207788)
(0.209475 0.175 0.0206195)
(0.214726 0.175 0.0205672)
(0.219888 0.175 0.0205559)
(0.225 0.175 0.0205539)
(0.230112 0.175 0.0205559)
(0.235272 0.175 0.0205673)
(0.240515 0.175 0.0206198)
(0.245858 0.175 0.0207797)
(0.25 0.175 0.0202784)
(0.2 0.18 0.0202675)
(0.204146 0.18 0.0207788)
(0.209475 0.18 0.0206195)
(0.214726 0.18 0.0205672)
(0.219888 0.18 0.0205559)
(0.225 0.18 0.0205539)
(0.230112 0.18 0.0205559)
(0.235272 0.18 0.0205673)
(0.240515 0.18 0.0206198)
(0.245858 0.18 0.0207797)
(0.25 0.18 0.0202784)
(0.2 0.185 0.0202675)
(0.204146 0.185 0.0207788)
(0.209475 0.185 0.0206195)
(0.214726 0.185 0.0205672)
(0.219888 0.185 0.0205559)
(0.225 0.185 0.0205539)
(0.230112 0.185 0.0205559)
(0.235272 0.185 0.0205673)
(0.240515 0.185 0.0206198)
(0.245858 0.185 0.0207797)
(0.25 0.185 0.0202784)
(0.2 0.19 0.0202675)
(0.204146 0.19 0.0207788)
(0.209475 0.19 0.0206195)
(0.214726 0.19 0.0205672)
(0.219888 0.19 0.0205559)
(0.225 0.19 0.0205539)
(0.230112 0.19 0.0205559)
(0.235272 0.19 0.0205673)
(0.240515 0.19 0.0206198)
(0.245858 0.19 0.0207797)
(0.25 0.19 0.0202784)
(0.2 0.195 0.0202675)
(0.204146 0.195 0.0207788)
(0.209475 0.195 0.0206195)
(0.214726 0.195 0.0205672)
(0.219888 0.195 0.0205559)
(0.225 0.195 0.0205539)
(0.230112 0.195 0.020556)
(0.235272 0.195 0.0205673)
(0.240515 0.195 0.0206198)
(0.245858 0.195 0.0207797)
(0.25 0.195 0.0202784)
(0.2 0.2 0.0202675)
(0.204146 0.2 0.0207788)
(0.209475 0.2 0.0206195)
(0.214726 0.2 0.0205672)
(0.219888 0.2 0.0205559)
(0.225 0.2 0.0205539)
(0.230112 0.2 0.020556)
(0.235272 0.2 0.0205673)
(0.240515 0.2 0.0206198)
(0.245858 0.2 0.0207797)
(0.25 0.2 0.0202784)
(0.2 0.205 0.0202675)
(0.204146 0.205 0.0207788)
(0.209475 0.205001 0.0206195)
(0.214726 0.205001 0.0205672)
(0.219888 0.205001 0.0205559)
(0.225 0.205001 0.0205539)
(0.230112 0.205001 0.020556)
(0.235272 0.205001 0.0205673)
(0.240515 0.205001 0.0206198)
(0.245858 0.205 0.0207797)
(0.25 0.205 0.0202785)
(0.2 0.21 0.0202675)
(0.204146 0.210001 0.0207788)
(0.209475 0.210002 0.0206195)
(0.214726 0.210003 0.0205672)
(0.219888 0.210003 0.0205559)
(0.225 0.210003 0.0205539)
(0.230112 0.210003 0.020556)
(0.235272 0.210003 0.0205674)
(0.240515 0.210002 0.0206198)
(0.245858 0.210001 0.0207797)
(0.25 0.21 0.0202784)
(0.2 0.215001 0.0202674)
(0.204146 0.215003 0.0207787)
(0.209475 0.215005 0.0206195)
(0.214726 0.215007 0.0205673)
(0.219888 0.215008 0.020556)
(0.225 0.215008 0.020554)
(0.230112 0.215008 0.020556)
(0.235272 0.215007 0.0205674)
(0.240514 0.215006 0.0206198)
(0.245858 0.215003 0.0207796)
(0.25 0.215001 0.0202783)
(0.2 0.220005 0.0202667)
(0.204147 0.220009 0.0207784)
(0.209476 0.220015 0.0206195)
(0.214727 0.22002 0.0205674)
(0.219888 0.220022 0.0205561)
(0.225 0.220022 0.0205542)
(0.230111 0.220022 0.0205562)
(0.235271 0.22002 0.0205675)
(0.240514 0.220016 0.0206198)
(0.245857 0.220009 0.0207793)
(0.25 0.220005 0.0202777)
(0.2 0.225015 0.0202645)
(0.204149 0.225026 0.0207776)
(0.209478 0.225041 0.0206196)
(0.214729 0.22505 0.0205679)
(0.21989 0.225055 0.0205567)
(0.225 0.225056 0.0205548)
(0.23011 0.225055 0.0205567)
(0.235269 0.225051 0.0205679)
(0.240511 0.225041 0.0206198)
(0.245856 0.225025 0.0207783)
(0.25 0.225015 0.0202756)
(0.2 0.230042 0.0202577)
(0.204154 0.230066 0.0207751)
(0.209486 0.230098 0.0206207)
(0.214736 0.230119 0.02057)
(0.219893 0.230129 0.0205592)
(0.225 0.230131 0.0205573)
(0.230107 0.230129 0.0205591)
(0.235262 0.230119 0.0205698)
(0.240504 0.230099 0.0206205)
(0.24585 0.230065 0.0207759)
(0.25 0.230042 0.020269)
(0.2 0.235106 0.0202378)
(0.204167 0.235156 0.0207694)
(0.209507 0.235218 0.0206261)
(0.214752 0.235255 0.0205796)
(0.219901 0.235271 0.0205701)
(0.225 0.235276 0.0205684)
(0.230099 0.235271 0.02057)
(0.235246 0.235256 0.0205794)
(0.240487 0.235219 0.0206259)
(0.245836 0.235155 0.020773)
(0.25 0.235106 0.0202492)
(0.2 0.240186 0.0201755)
(0.204188 0.240352 0.0207658)
(0.209558 0.240446 0.0206599)
(0.21479 0.240495 0.0206265)
(0.219919 0.240514 0.0206208)
(0.225 0.240519 0.0206198)
(0.230081 0.240514 0.0206205)
(0.23521 0.240495 0.0206263)
(0.24044 0.240447 0.0206609)
(0.245813 0.240352 0.0207712)
(0.25 0.240187 0.0201861)
(0.2 0.244993 0.019964)
(0.20423 0.245796 0.0207637)
(0.209665 0.245817 0.020774)
(0.214857 0.245836 0.0207783)
(0.219948 0.245847 0.0207825)
(0.225 0.24585 0.0207838)
(0.230053 0.245847 0.0207824)
(0.235143 0.245837 0.0207779)
(0.240334 0.245818 0.0207748)
(0.245771 0.245796 0.0207667)
(0.25 0.244995 0.0199708)
(0.2 0.25 0.0193453)
(0.205032 0.25 0.0199912)
(0.20984 0.25 0.0202006)
(0.214908 0.25 0.0202557)
(0.219968 0.25 0.0202707)
(0.225 0.25 0.020274)
(0.230033 0.25 0.0202708)
(0.235092 0.25 0.0202561)
(0.240161 0.25 0.0202015)
(0.244967 0.25 0.0199926)
(0.25 0.25 0.0193453)
(0.200002 0.0249771 0.025)
(0.205001 0.0249715 0.025)
(0.210001 0.0249687 0.025)
(0.215003 0.0249679 0.025)
(0.220009 0.0249678 0.025)
(0.225032 0.0249681 0.025)
(0.230091 0.0249689 0.025)
(0.235223 0.0249712 0.025)
(0.240415 0.0249765 0.025)
(0.245354 0.0249864 0.025)
(0.25 0.025 0.025)
(0.200005 0.0300164 0.025)
(0.205003 0.0300004 0.025)
(0.210002 0.029993 0.025)
(0.215003 0.0299906 0.025)
(0.22001 0.0299903 0.025)
(0.225032 0.0299905 0.025)
(0.230092 0.0299908 0.025)
(0.235224 0.0299915 0.025)
(0.240417 0.0299931 0.025)
(0.245357 0.029996 0.025)
(0.25 0.03 0.025)
(0.20001 0.0350568 0.025)
(0.205005 0.0350185 0.025)
(0.210002 0.0350023 0.025)
(0.215002 0.0349976 0.025)
(0.220009 0.034997 0.025)
(0.225032 0.0349973 0.025)
(0.230092 0.0349976 0.025)
(0.235225 0.0349979 0.025)
(0.240418 0.0349983 0.025)
(0.245358 0.034999 0.025)
(0.25 0.035 0.025)
(0.200028 0.0400902 0.025)
(0.205005 0.0400274 0.025)
(0.209995 0.0400042 0.025)
(0.214997 0.039998 0.025)
(0.220007 0.0399978 0.025)
(0.225031 0.0399987 0.025)
(0.230092 0.0399992 0.025)
(0.235225 0.0399995 0.025)
(0.240418 0.0399996 0.025)
(0.245358 0.0399998 0.025)
(0.25 0.04 0.025)
(0.200088 0.0450052 0.025)
(0.204992 0.0450054 0.025)
(0.209972 0.0449939 0.025)
(0.214981 0.0449942 0.025)
(0.22 0.0449966 0.025)
(0.225029 0.0449985 0.025)
(0.230091 0.0449994 0.025)
(0.235224 0.0449998 0.025)
(0.240418 0.0449999 0.025)
(0.245358 0.045 0.025)
(0.25 0.045 0.025)
(0.2 0.05 0.025)
(0.204992 0.0499086 0.025)
(0.209909 0.0499702 0.025)
(0.214943 0.0499887 0.025)
(0.219984 0.049995 0.025)
(0.225023 0.049998 0.025)
(0.23009 0.0499993 0.025)
(0.235224 0.0499998 0.025)
(0.240418 0.0499999 0.025)
(0.245358 0.05 0.025)
(0.25 0.05 0.025)
(0.2 0.0550166 0.025)
(0.204814 0.0549208 0.025)
(0.20977 0.0549721 0.025)
(0.214881 0.0549893 0.025)
(0.219961 0.0549953 0.025)
(0.225015 0.0549982 0.025)
(0.230087 0.0549994 0.025)
(0.235224 0.0549998 0.025)
(0.240418 0.055 0.025)
(0.245358 0.055 0.025)
(0.25 0.055 0.025)
(0.2 0.060003 0.025)
(0.204739 0.0599801 0.025)
(0.20967 0.0599861 0.025)
(0.214829 0.0599933 0.025)
(0.21994 0.0599969 0.025)
(0.225008 0.0599988 0.025)
(0.230085 0.0599996 0.025)
(0.235223 0.0599999 0.025)
(0.240418 0.06 0.025)
(0.245358 0.06 0.025)
(0.25 0.06 0.025)
(0.2 0.065 0.025)
(0.204678 0.0649958 0.025)
(0.209617 0.0649952 0.025)
(0.214799 0.0649968 0.025)
(0.219927 0.0649984 0.025)
(0.225004 0.0649993 0.025)
(0.230084 0.0649998 0.025)
(0.235223 0.0649999 0.025)
(0.240418 0.065 0.025)
(0.245358 0.065 0.025)
(0.25 0.065 0.025)
(0.2 0.07 0.025)
(0.204652 0.0699992 0.025)
(0.209594 0.0699985 0.025)
(0.214785 0.0699988 0.025)
(0.219921 0.0699994 0.025)
(0.225001 0.0699997 0.025)
(0.230083 0.0699999 0.025)
(0.235222 0.07 0.025)
(0.240418 0.07 0.025)
(0.245358 0.07 0.025)
(0.25 0.07 0.025)
(0.2 0.075 0.025)
(0.204644 0.075 0.025)
(0.209585 0.0749996 0.025)
(0.21478 0.0749997 0.025)
(0.219918 0.0749998 0.025)
(0.225 0.0749999 0.025)
(0.230083 0.075 0.025)
(0.235222 0.075 0.025)
(0.240418 0.075 0.025)
(0.245358 0.075 0.025)
(0.25 0.075 0.025)
(0.2 0.08 0.025)
(0.204641 0.0800001 0.025)
(0.209582 0.08 0.025)
(0.214778 0.0799999 0.025)
(0.219917 0.08 0.025)
(0.225 0.08 0.025)
(0.230083 0.08 0.025)
(0.235222 0.08 0.025)
(0.240417 0.08 0.025)
(0.245358 0.08 0.025)
(0.25 0.08 0.025)
(0.2 0.085 0.025)
(0.20464 0.085 0.025)
(0.209581 0.085 0.025)
(0.214777 0.085 0.025)
(0.219917 0.085 0.025)
(0.225 0.085 0.025)
(0.230083 0.085 0.025)
(0.235222 0.085 0.025)
(0.240417 0.085 0.025)
(0.245358 0.085 0.025)
(0.25 0.085 0.025)
(0.2 0.09 0.025)
(0.20464 0.09 0.025)
(0.209581 0.09 0.025)
(0.214777 0.09 0.025)
(0.219917 0.09 0.025)
(0.225 0.09 0.025)
(0.230083 0.09 0.025)
(0.235222 0.09 0.025)
(0.240417 0.09 0.025)
(0.245358 0.09 0.025)
(0.25 0.09 0.025)
(0.2 0.095 0.025)
(0.20464 0.095 0.025)
(0.209581 0.095 0.025)
(0.214777 0.095 0.025)
(0.219917 0.095 0.025)
(0.225 0.095 0.025)
(0.230083 0.095 0.025)
(0.235222 0.095 0.025)
(0.240417 0.095 0.025)
(0.245358 0.095 0.025)
(0.25 0.095 0.025)
(0.2 0.1 0.025)
(0.20464 0.1 0.025)
(0.209581 0.1 0.025)
(0.214777 0.1 0.025)
(0.219917 0.1 0.025)
(0.225 0.1 0.025)
(0.230083 0.1 0.025)
(0.235222 0.1 0.025)
(0.240417 0.1 0.025)
(0.245358 0.1 0.025)
(0.25 0.1 0.025)
(0.2 0.105 0.025)
(0.20464 0.105 0.025)
(0.209581 0.105 0.025)
(0.214777 0.105 0.025)
(0.219917 0.105 0.025)
(0.225 0.105 0.025)
(0.230083 0.105 0.025)
(0.235222 0.105 0.025)
(0.240417 0.105 0.025)
(0.245358 0.105 0.025)
(0.25 0.105 0.025)
(0.2 0.11 0.025)
(0.20464 0.11 0.025)
(0.209581 0.11 0.025)
(0.214777 0.11 0.025)
(0.219917 0.11 0.025)
(0.225 0.11 0.025)
(0.230083 0.11 0.025)
(0.235222 0.11 0.025)
(0.240417 0.11 0.025)
(0.245358 0.11 0.025)
(0.25 0.11 0.025)
(0.2 0.115 0.025)
(0.20464 0.115 0.025)
(0.209581 0.115 0.025)
(0.214777 0.115 0.025)
(0.219917 0.115 0.025)
(0.225 0.115 0.025)
(0.230083 0.115 0.025)
(0.235222 0.115 0.025)
(0.240417 0.115 0.025)
(0.245358 0.115 0.025)
(0.25 0.115 0.025)
(0.2 0.12 0.025)
(0.20464 0.12 0.025)
(0.209581 0.12 0.025)
(0.214777 0.12 0.025)
(0.219917 0.12 0.025)
(0.225 0.12 0.025)
(0.230083 0.12 0.025)
(0.235222 0.12 0.025)
(0.240417 0.12 0.025)
(0.245358 0.12 0.025)
(0.25 0.12 0.025)
(0.2 0.125 0.025)
(0.20464 0.125 0.025)
(0.209581 0.125 0.025)
(0.214777 0.125 0.025)
(0.219917 0.125 0.025)
(0.225 0.125 0.025)
(0.230083 0.125 0.025)
(0.235222 0.125 0.025)
(0.240417 0.125 0.025)
(0.245358 0.125 0.025)
(0.25 0.125 0.025)
(0.2 0.13 0.025)
(0.20464 0.13 0.025)
(0.209581 0.13 0.025)
(0.214777 0.13 0.025)
(0.219917 0.13 0.025)
(0.225 0.13 0.025)
(0.230083 0.13 0.025)
(0.235222 0.13 0.025)
(0.240417 0.13 0.025)
(0.245358 0.13 0.025)
(0.25 0.13 0.025)
(0.2 0.135 0.025)
(0.20464 0.135 0.025)
(0.209581 0.135 0.025)
(0.214777 0.135 0.025)
(0.219917 0.135 0.025)
(0.225 0.135 0.025)
(0.230083 0.135 0.025)
(0.235222 0.135 0.025)
(0.240417 0.135 0.025)
(0.245358 0.135 0.025)
(0.25 0.135 0.025)
(0.2 0.14 0.025)
(0.20464 0.14 0.025)
(0.209581 0.14 0.025)
(0.214777 0.14 0.025)
(0.219917 0.14 0.025)
(0.225 0.14 0.025)
(0.230083 0.14 0.025)
(0.235222 0.14 0.025)
(0.240417 0.14 0.025)
(0.245358 0.14 0.025)
(0.25 0.14 0.025)
(0.2 0.145 0.025)
(0.20464 0.145 0.025)
(0.209581 0.145 0.025)
(0.214777 0.145 0.025)
(0.219917 0.145 0.025)
(0.225 0.145 0.025)
(0.230083 0.145 0.025)
(0.235222 0.145 0.025)
(0.240417 0.145 0.025)
(0.245358 0.145 0.025)
(0.25 0.145 0.025)
(0.2 0.15 0.025)
(0.20464 0.15 0.025)
(0.209581 0.15 0.025)
(0.214777 0.15 0.025)
(0.219917 0.15 0.025)
(0.225 0.15 0.025)
(0.230083 0.15 0.025)
(0.235222 0.15 0.025)
(0.240417 0.15 0.025)
(0.245358 0.15 0.025)
(0.25 0.15 0.025)
(0.2 0.155 0.025)
(0.20464 0.155 0.025)
(0.209581 0.155 0.025)
(0.214777 0.155 0.025)
(0.219917 0.155 0.025)
(0.225 0.155 0.025)
(0.230083 0.155 0.025)
(0.235222 0.155 0.025)
(0.240417 0.155 0.025)
(0.245358 0.155 0.025)
(0.25 0.155 0.025)
(0.2 0.16 0.025)
(0.20464 0.16 0.025)
(0.209581 0.16 0.025)
(0.214777 0.16 0.025)
(0.219917 0.16 0.025)
(0.225 0.16 0.025)
(0.230083 0.16 0.025)
(0.235222 0.16 0.025)
(0.240417 0.16 0.025)
(0.245358 0.16 0.025)
(0.25 0.16 0.025)
(0.2 0.165 0.025)
(0.20464 0.165 0.025)
(0.209581 0.165 0.025)
(0.214777 0.165 0.025)
(0.219917 0.165 0.025)
(0.225 0.165 0.025)
(0.230083 0.165 0.025)
(0.235222 0.165 0.025)
(0.240417 0.165 0.025)
(0.245358 0.165 0.025)
(0.25 0.165 0.025)
(0.2 0.17 0.025)
(0.20464 0.17 0.025)
(0.209581 0.17 0.025)
(0.214777 0.17 0.025)
(0.219917 0.17 0.025)
(0.225 0.17 0.025)
(0.230083 0.17 0.025)
(0.235222 0.17 0.025)
(0.240417 0.17 0.025)
(0.245358 0.17 0.025)
(0.25 0.17 0.025)
(0.2 0.175 0.025)
(0.20464 0.175 0.025)
(0.209581 0.175 0.025)
(0.214777 0.175 0.025)
(0.219917 0.175 0.025)
(0.225 0.175 0.025)
(0.230083 0.175 0.025)
(0.235222 0.175 0.025)
(0.240417 0.175 0.025)
(0.245358 0.175 0.025)
(0.25 0.175 0.025)
(0.2 0.18 0.025)
(0.20464 0.18 0.025)
(0.209581 0.18 0.025)
(0.214777 0.18 0.025)
(0.219917 0.18 0.025)
(0.225 0.18 0.025)
(0.230083 0.18 0.025)
(0.235222 0.18 0.025)
(0.240417 0.18 0.025)
(0.245358 0.18 0.025)
(0.25 0.18 0.025)
(0.2 0.185 0.025)
(0.20464 0.185 0.025)
(0.209581 0.185 0.025)
(0.214777 0.185 0.025)
(0.219917 0.185 0.025)
(0.225 0.185 0.025)
(0.230083 0.185 0.025)
(0.235222 0.185 0.025)
(0.240417 0.185 0.025)
(0.245358 0.185 0.025)
(0.25 0.185 0.025)
(0.2 0.19 0.025)
(0.20464 0.19 0.025)
(0.209581 0.19 0.025)
(0.214777 0.19 0.025)
(0.219917 0.19 0.025)
(0.225 0.19 0.025)
(0.230083 0.19 0.025)
(0.235222 0.19 0.025)
(0.240417 0.19 0.025)
(0.245358 0.19 0.025)
(0.25 0.19 0.025)
(0.2 0.195 0.025)
(0.20464 0.195 0.025)
(0.209581 0.195 0.025)
(0.214777 0.195 0.025)
(0.219917 0.195 0.025)
(0.225 0.195 0.025)
(0.230083 0.195 0.025)
(0.235222 0.195 0.025)
(0.240417 0.195 0.025)
(0.245358 0.195 0.025)
(0.25 0.195 0.025)
(0.2 0.2 0.025)
(0.20464 0.2 0.025)
(0.209581 0.2 0.025)
(0.214777 0.2 0.025)
(0.219917 0.2 0.025)
(0.225 0.2 0.025)
(0.230083 0.2 0.025)
(0.235222 0.2 0.025)
(0.240418 0.2 0.025)
(0.245358 0.2 0.025)
(0.25 0.2 0.025)
(0.2 0.205 0.025)
(0.20464 0.205 0.025)
(0.209581 0.205 0.025)
(0.214777 0.205 0.025)
(0.219917 0.205 0.025)
(0.225 0.205 0.025)
(0.230083 0.205 0.025)
(0.235222 0.205 0.025)
(0.240418 0.205 0.025)
(0.245358 0.205 0.025)
(0.25 0.205 0.025)
(0.2 0.21 0.025)
(0.20464 0.21 0.025)
(0.209581 0.21 0.025)
(0.214777 0.21 0.025)
(0.219917 0.21 0.025)
(0.225 0.21 0.025)
(0.230083 0.21 0.025)
(0.235222 0.21 0.025)
(0.240418 0.21 0.025)
(0.245358 0.21 0.025)
(0.25 0.21 0.025)
(0.2 0.215 0.025)
(0.20464 0.215001 0.025)
(0.209581 0.215002 0.025)
(0.214777 0.215002 0.025)
(0.219917 0.215002 0.025)
(0.225 0.215002 0.025)
(0.230083 0.215002 0.025)
(0.235222 0.215002 0.025)
(0.240417 0.215002 0.025)
(0.245358 0.215001 0.025)
(0.25 0.215 0.025)
(0.2 0.22 0.025)
(0.20464 0.220004 0.025)
(0.209582 0.220007 0.025)
(0.214777 0.220008 0.025)
(0.219917 0.220009 0.025)
(0.225 0.220009 0.025)
(0.230083 0.220009 0.025)
(0.235222 0.220008 0.025)
(0.240417 0.220007 0.025)
(0.245357 0.220004 0.025)
(0.25 0.22 0.025)
(0.2 0.225 0.025)
(0.204642 0.225014 0.025)
(0.209584 0.225024 0.025)
(0.214778 0.225029 0.025)
(0.219918 0.225031 0.025)
(0.225 0.225032 0.025)
(0.230082 0.225031 0.025)
(0.235221 0.225029 0.025)
(0.240415 0.225024 0.025)
(0.245355 0.225014 0.025)
(0.25 0.225 0.025)
(0.2 0.23 0.025)
(0.20465 0.230041 0.025)
(0.209591 0.230069 0.025)
(0.214783 0.230084 0.025)
(0.21992 0.230089 0.025)
(0.225 0.230091 0.025)
(0.23008 0.230089 0.025)
(0.235216 0.230084 0.025)
(0.240408 0.230069 0.025)
(0.245347 0.230041 0.025)
(0.25 0.23 0.025)
(0.2 0.235 0.025)
(0.204674 0.235105 0.025)
(0.209613 0.235173 0.025)
(0.214797 0.235206 0.025)
(0.219925 0.235218 0.025)
(0.225 0.235222 0.025)
(0.230075 0.235218 0.025)
(0.235203 0.235206 0.025)
(0.240386 0.235173 0.025)
(0.245323 0.235105 0.025)
(0.25 0.235 0.025)
(0.2 0.239933 0.025)
(0.204751 0.24019 0.025)
(0.209675 0.240328 0.025)
(0.21483 0.240387 0.025)
(0.219939 0.240408 0.025)
(0.225 0.240413 0.025)
(0.230061 0.240408 0.025)
(0.235169 0.240387 0.025)
(0.240324 0.240328 0.025)
(0.245247 0.24019 0.025)
(0.25 0.239933 0.025)
(0.2 0.244345 0.025)
(0.204994 0.245028 0.025)
(0.209819 0.24525 0.025)
(0.214899 0.245323 0.025)
(0.219964 0.245346 0.025)
(0.225 0.245351 0.025)
(0.230036 0.245346 0.025)
(0.235101 0.245323 0.025)
(0.240181 0.24525 0.025)
(0.245005 0.245028 0.025)
(0.25 0.244345 0.025)
(0.2 0.25 0.025)
(0.205655 0.25 0.025)
(0.210067 0.25 0.025)
(0.215 0.25 0.025)
(0.22 0.25 0.025)
(0.225 0.25 0.025)
(0.23 0.25 0.025)
(0.235 0.25 0.025)
(0.239933 0.25 0.025)
(0.244345 0.25 0.025)
(0.25 0.25 0.025)
)


// ************************************************************************* //
