/*--------------------------------*- C++ -*----------------------------------*\
  =========                 |
  \\      /  F ield         | OpenFOAM: The Open Source CFD Toolbox
   \\    /   O peration     | Website:  https://openfoam.org
    \\  /    A nd           | Version:  9
     \\/     M anipulation  |
\*---------------------------------------------------------------------------*/
FoamFile
{
    format      ascii;
    class       labelList;
    note        "nPoints: 3066 nCells: 2250 nFaces: 7500 nInternalFaces: 6000";
    location    "constant/polyMesh";
    object      neighbour;
}
// * * * * * * * * * * * * * * * * * * * * * * * * * * * * * * * * * * * * * //


6000
(
1
50
450
2
51
451
3
52
452
4
53
453
5
54
454
6
55
455
7
56
456
8
57
457
9
58
458
10
59
459
11
60
460
12
61
461
13
62
462
14
63
463
15
64
464
16
65
465
17
66
466
18
67
467
19
68
468
20
69
469
21
70
470
22
71
471
23
72
472
24
73
473
25
74
474
26
75
475
27
76
476
28
77
477
29
78
478
30
79
479
31
80
480
32
81
481
33
82
482
34
83
483
35
84
484
36
85
485
37
86
486
38
87
487
39
88
488
40
89
489
41
90
490
42
91
491
43
92
492
44
93
493
45
94
494
46
95
495
47
96
496
48
97
497
49
98
498
99
499
51
100
500
52
101
501
53
102
502
54
103
503
55
104
504
56
105
505
57
106
506
58
107
507
59
108
508
60
109
509
61
110
510
62
111
511
63
112
512
64
113
513
65
114
514
66
115
515
67
116
516
68
117
517
69
118
518
70
119
519
71
120
520
72
121
521
73
122
522
74
123
523
75
124
524
76
125
525
77
126
526
78
127
527
79
128
528
80
129
529
81
130
530
82
131
531
83
132
532
84
133
533
85
134
534
86
135
535
87
136
536
88
137
537
89
138
538
90
139
539
91
140
540
92
141
541
93
142
542
94
143
543
95
144
544
96
145
545
97
146
546
98
147
547
99
148
548
149
549
101
150
550
102
151
551
103
152
552
104
153
553
105
154
554
106
155
555
107
156
556
108
157
557
109
158
558
110
159
559
111
160
560
112
161
561
113
162
562
114
163
563
115
164
564
116
165
565
117
166
566
118
167
567
119
168
568
120
169
569
121
170
570
122
171
571
123
172
572
124
173
573
125
174
574
126
175
575
127
176
576
128
177
577
129
178
578
130
179
579
131
180
580
132
181
581
133
182
582
134
183
583
135
184
584
136
185
585
137
186
586
138
187
587
139
188
588
140
189
589
141
190
590
142
191
591
143
192
592
144
193
593
145
194
594
146
195
595
147
196
596
148
197
597
149
198
598
199
599
151
200
600
152
201
601
153
202
602
154
203
603
155
204
604
156
205
605
157
206
606
158
207
607
159
208
608
160
209
609
161
210
610
162
211
611
163
212
612
164
213
613
165
214
614
166
215
615
167
216
616
168
217
617
169
218
618
170
219
619
171
220
620
172
221
621
173
222
622
174
223
623
175
224
624
176
225
625
177
226
626
178
227
627
179
228
628
180
229
629
181
230
630
182
231
631
183
232
632
184
233
633
185
234
634
186
235
635
187
236
636
188
237
637
189
238
638
190
239
639
191
240
640
192
241
641
193
242
642
194
243
643
195
244
644
196
245
645
197
246
646
198
247
647
199
248
648
249
649
201
250
650
202
251
651
203
252
652
204
253
653
205
254
654
206
255
655
207
256
656
208
257
657
209
258
658
210
259
659
211
260
660
212
261
661
213
262
662
214
263
663
215
264
664
216
265
665
217
266
666
218
267
667
219
268
668
220
269
669
221
270
670
222
271
671
223
272
672
224
273
673
225
274
674
226
275
675
227
276
676
228
277
677
229
278
678
230
279
679
231
280
680
232
281
681
233
282
682
234
283
683
235
284
684
236
285
685
237
286
686
238
287
687
239
288
688
240
289
689
241
690
242
691
243
692
244
693
245
694
246
695
247
696
248
697
249
698
699
251
290
700
252
291
701
253
292
702
254
293
703
255
294
704
256
295
705
257
296
706
258
297
707
259
298
708
260
299
709
261
300
710
262
301
711
263
302
712
264
303
713
265
304
714
266
305
715
267
306
716
268
307
717
269
308
718
270
309
719
271
310
720
272
311
721
273
312
722
274
313
723
275
314
724
276
315
725
277
316
726
278
317
727
279
318
728
280
319
729
281
320
730
282
321
731
283
322
732
284
323
733
285
324
734
286
325
735
287
326
736
288
327
737
289
328
738
329
739
291
330
740
292
331
741
293
332
742
294
333
743
295
334
744
296
335
745
297
336
746
298
337
747
299
338
748
300
339
749
301
340
750
302
341
751
303
342
752
304
343
753
305
344
754
306
345
755
307
346
756
308
347
757
309
348
758
310
349
759
311
350
760
312
351
761
313
352
762
314
353
763
315
354
764
316
355
765
317
356
766
318
357
767
319
358
768
320
359
769
321
360
770
322
361
771
323
362
772
324
363
773
325
364
774
326
365
775
327
366
776
328
367
777
329
368
778
369
779
331
370
780
332
371
781
333
372
782
334
373
783
335
374
784
336
375
785
337
376
786
338
377
787
339
378
788
340
379
789
341
380
790
342
381
791
343
382
792
344
383
793
345
384
794
346
385
795
347
386
796
348
387
797
349
388
798
350
389
799
351
390
800
352
391
801
353
392
802
354
393
803
355
394
804
356
395
805
357
396
806
358
397
807
359
398
808
360
399
809
361
400
810
362
401
811
363
402
812
364
403
813
365
404
814
366
405
815
367
406
816
368
407
817
369
408
818
409
819
371
410
820
372
411
821
373
412
822
374
413
823
375
414
824
376
415
825
377
416
826
378
417
827
379
418
828
380
419
829
381
420
830
382
421
831
383
422
832
384
423
833
385
424
834
386
425
835
387
426
836
388
427
837
389
428
838
390
429
839
391
430
840
392
431
841
393
432
842
394
433
843
395
434
844
396
435
845
397
436
846
398
437
847
399
438
848
400
439
849
401
440
850
402
441
851
403
442
852
404
443
853
405
444
854
406
445
855
407
446
856
408
447
857
409
448
858
449
859
411
860
412
861
413
862
414
863
415
864
416
865
417
866
418
867
419
868
420
869
421
870
422
871
423
872
424
873
425
874
426
875
427
876
428
877
429
878
430
879
431
880
432
881
433
882
434
883
435
884
436
885
437
886
438
887
439
888
440
889
441
890
442
891
443
892
444
893
445
894
446
895
447
896
448
897
449
898
899
451
500
900
452
501
901
453
502
902
454
503
903
455
504
904
456
505
905
457
506
906
458
507
907
459
508
908
460
509
909
461
510
910
462
511
911
463
512
912
464
513
913
465
514
914
466
515
915
467
516
916
468
517
917
469
518
918
470
519
919
471
520
920
472
521
921
473
522
922
474
523
923
475
524
924
476
525
925
477
526
926
478
527
927
479
528
928
480
529
929
481
530
930
482
531
931
483
532
932
484
533
933
485
534
934
486
535
935
487
536
936
488
537
937
489
538
938
490
539
939
491
540
940
492
541
941
493
542
942
494
543
943
495
544
944
496
545
945
497
546
946
498
547
947
499
548
948
549
949
501
550
950
502
551
951
503
552
952
504
553
953
505
554
954
506
555
955
507
556
956
508
557
957
509
558
958
510
559
959
511
560
960
512
561
961
513
562
962
514
563
963
515
564
964
516
565
965
517
566
966
518
567
967
519
568
968
520
569
969
521
570
970
522
571
971
523
572
972
524
573
973
525
574
974
526
575
975
527
576
976
528
577
977
529
578
978
530
579
979
531
580
980
532
581
981
533
582
982
534
583
983
535
584
984
536
585
985
537
586
986
538
587
987
539
588
988
540
589
989
541
590
990
542
591
991
543
592
992
544
593
993
545
594
994
546
595
995
547
596
996
548
597
997
549
598
998
599
999
551
600
1000
552
601
1001
553
602
1002
554
603
1003
555
604
1004
556
605
1005
557
606
1006
558
607
1007
559
608
1008
560
609
1009
561
610
1010
562
611
1011
563
612
1012
564
613
1013
565
614
1014
566
615
1015
567
616
1016
568
617
1017
569
618
1018
570
619
1019
571
620
1020
572
621
1021
573
622
1022
574
623
1023
575
624
1024
576
625
1025
577
626
1026
578
627
1027
579
628
1028
580
629
1029
581
630
1030
582
631
1031
583
632
1032
584
633
1033
585
634
1034
586
635
1035
587
636
1036
588
637
1037
589
638
1038
590
639
1039
591
640
1040
592
641
1041
593
642
1042
594
643
1043
595
644
1044
596
645
1045
597
646
1046
598
647
1047
599
648
1048
649
1049
601
650
1050
602
651
1051
603
652
1052
604
653
1053
605
654
1054
606
655
1055
607
656
1056
608
657
1057
609
658
1058
610
659
1059
611
660
1060
612
661
1061
613
662
1062
614
663
1063
615
664
1064
616
665
1065
617
666
1066
618
667
1067
619
668
1068
620
669
1069
621
670
1070
622
671
1071
623
672
1072
624
673
1073
625
674
1074
626
675
1075
627
676
1076
628
677
1077
629
678
1078
630
679
1079
631
680
1080
632
681
1081
633
682
1082
634
683
1083
635
684
1084
636
685
1085
637
686
1086
638
687
1087
639
688
1088
640
689
1089
641
690
1090
642
691
1091
643
692
1092
644
693
1093
645
694
1094
646
695
1095
647
696
1096
648
697
1097
649
698
1098
699
1099
651
700
1100
652
701
1101
653
702
1102
654
703
1103
655
704
1104
656
705
1105
657
706
1106
658
707
1107
659
708
1108
660
709
1109
661
710
1110
662
711
1111
663
712
1112
664
713
1113
665
714
1114
666
715
1115
667
716
1116
668
717
1117
669
718
1118
670
719
1119
671
720
1120
672
721
1121
673
722
1122
674
723
1123
675
724
1124
676
725
1125
677
726
1126
678
727
1127
679
728
1128
680
729
1129
681
730
1130
682
731
1131
683
732
1132
684
733
1133
685
734
1134
686
735
1135
687
736
1136
688
737
1137
689
738
1138
690
739
1139
691
1140
692
1141
693
1142
694
1143
695
1144
696
1145
697
1146
698
1147
699
1148
1149
701
740
1150
702
741
1151
703
742
1152
704
743
1153
705
744
1154
706
745
1155
707
746
1156
708
747
1157
709
748
1158
710
749
1159
711
750
1160
712
751
1161
713
752
1162
714
753
1163
715
754
1164
716
755
1165
717
756
1166
718
757
1167
719
758
1168
720
759
1169
721
760
1170
722
761
1171
723
762
1172
724
763
1173
725
764
1174
726
765
1175
727
766
1176
728
767
1177
729
768
1178
730
769
1179
731
770
1180
732
771
1181
733
772
1182
734
773
1183
735
774
1184
736
775
1185
737
776
1186
738
777
1187
739
778
1188
779
1189
741
780
1190
742
781
1191
743
782
1192
744
783
1193
745
784
1194
746
785
1195
747
786
1196
748
787
1197
749
788
1198
750
789
1199
751
790
1200
752
791
1201
753
792
1202
754
793
1203
755
794
1204
756
795
1205
757
796
1206
758
797
1207
759
798
1208
760
799
1209
761
800
1210
762
801
1211
763
802
1212
764
803
1213
765
804
1214
766
805
1215
767
806
1216
768
807
1217
769
808
1218
770
809
1219
771
810
1220
772
811
1221
773
812
1222
774
813
1223
775
814
1224
776
815
1225
777
816
1226
778
817
1227
779
818
1228
819
1229
781
820
1230
782
821
1231
783
822
1232
784
823
1233
785
824
1234
786
825
1235
787
826
1236
788
827
1237
789
828
1238
790
829
1239
791
830
1240
792
831
1241
793
832
1242
794
833
1243
795
834
1244
796
835
1245
797
836
1246
798
837
1247
799
838
1248
800
839
1249
801
840
1250
802
841
1251
803
842
1252
804
843
1253
805
844
1254
806
845
1255
807
846
1256
808
847
1257
809
848
1258
810
849
1259
811
850
1260
812
851
1261
813
852
1262
814
853
1263
815
854
1264
816
855
1265
817
856
1266
818
857
1267
819
858
1268
859
1269
821
860
1270
822
861
1271
823
862
1272
824
863
1273
825
864
1274
826
865
1275
827
866
1276
828
867
1277
829
868
1278
830
869
1279
831
870
1280
832
871
1281
833
872
1282
834
873
1283
835
874
1284
836
875
1285
837
876
1286
838
877
1287
839
878
1288
840
879
1289
841
880
1290
842
881
1291
843
882
1292
844
883
1293
845
884
1294
846
885
1295
847
886
1296
848
887
1297
849
888
1298
850
889
1299
851
890
1300
852
891
1301
853
892
1302
854
893
1303
855
894
1304
856
895
1305
857
896
1306
858
897
1307
859
898
1308
899
1309
861
1310
862
1311
863
1312
864
1313
865
1314
866
1315
867
1316
868
1317
869
1318
870
1319
871
1320
872
1321
873
1322
874
1323
875
1324
876
1325
877
1326
878
1327
879
1328
880
1329
881
1330
882
1331
883
1332
884
1333
885
1334
886
1335
887
1336
888
1337
889
1338
890
1339
891
1340
892
1341
893
1342
894
1343
895
1344
896
1345
897
1346
898
1347
899
1348
1349
901
950
1350
902
951
1351
903
952
1352
904
953
1353
905
954
1354
906
955
1355
907
956
1356
908
957
1357
909
958
1358
910
959
1359
911
960
1360
912
961
1361
913
962
1362
914
963
1363
915
964
1364
916
965
1365
917
966
1366
918
967
1367
919
968
1368
920
969
1369
921
970
1370
922
971
1371
923
972
1372
924
973
1373
925
974
1374
926
975
1375
927
976
1376
928
977
1377
929
978
1378
930
979
1379
931
980
1380
932
981
1381
933
982
1382
934
983
1383
935
984
1384
936
985
1385
937
986
1386
938
987
1387
939
988
1388
940
989
1389
941
990
1390
942
991
1391
943
992
1392
944
993
1393
945
994
1394
946
995
1395
947
996
1396
948
997
1397
949
998
1398
999
1399
951
1000
1400
952
1001
1401
953
1002
1402
954
1003
1403
955
1004
1404
956
1005
1405
957
1006
1406
958
1007
1407
959
1008
1408
960
1009
1409
961
1010
1410
962
1011
1411
963
1012
1412
964
1013
1413
965
1014
1414
966
1015
1415
967
1016
1416
968
1017
1417
969
1018
1418
970
1019
1419
971
1020
1420
972
1021
1421
973
1022
1422
974
1023
1423
975
1024
1424
976
1025
1425
977
1026
1426
978
1027
1427
979
1028
1428
980
1029
1429
981
1030
1430
982
1031
1431
983
1032
1432
984
1033
1433
985
1034
1434
986
1035
1435
987
1036
1436
988
1037
1437
989
1038
1438
990
1039
1439
991
1040
1440
992
1041
1441
993
1042
1442
994
1043
1443
995
1044
1444
996
1045
1445
997
1046
1446
998
1047
1447
999
1048
1448
1049
1449
1001
1050
1450
1002
1051
1451
1003
1052
1452
1004
1053
1453
1005
1054
1454
1006
1055
1455
1007
1056
1456
1008
1057
1457
1009
1058
1458
1010
1059
1459
1011
1060
1460
1012
1061
1461
1013
1062
1462
1014
1063
1463
1015
1064
1464
1016
1065
1465
1017
1066
1466
1018
1067
1467
1019
1068
1468
1020
1069
1469
1021
1070
1470
1022
1071
1471
1023
1072
1472
1024
1073
1473
1025
1074
1474
1026
1075
1475
1027
1076
1476
1028
1077
1477
1029
1078
1478
1030
1079
1479
1031
1080
1480
1032
1081
1481
1033
1082
1482
1034
1083
1483
1035
1084
1484
1036
1085
1485
1037
1086
1486
1038
1087
1487
1039
1088
1488
1040
1089
1489
1041
1090
1490
1042
1091
1491
1043
1092
1492
1044
1093
1493
1045
1094
1494
1046
1095
1495
1047
1096
1496
1048
1097
1497
1049
1098
1498
1099
1499
1051
1100
1500
1052
1101
1501
1053
1102
1502
1054
1103
1503
1055
1104
1504
1056
1105
1505
1057
1106
1506
1058
1107
1507
1059
1108
1508
1060
1109
1509
1061
1110
1510
1062
1111
1511
1063
1112
1512
1064
1113
1513
1065
1114
1514
1066
1115
1515
1067
1116
1516
1068
1117
1517
1069
1118
1518
1070
1119
1519
1071
1120
1520
1072
1121
1521
1073
1122
1522
1074
1123
1523
1075
1124
1524
1076
1125
1525
1077
1126
1526
1078
1127
1527
1079
1128
1528
1080
1129
1529
1081
1130
1530
1082
1131
1531
1083
1132
1532
1084
1133
1533
1085
1134
1534
1086
1135
1535
1087
1136
1536
1088
1137
1537
1089
1138
1538
1090
1139
1539
1091
1140
1540
1092
1141
1541
1093
1142
1542
1094
1143
1543
1095
1144
1544
1096
1145
1545
1097
1146
1546
1098
1147
1547
1099
1148
1548
1149
1549
1101
1150
1550
1102
1151
1551
1103
1152
1552
1104
1153
1553
1105
1154
1554
1106
1155
1555
1107
1156
1556
1108
1157
1557
1109
1158
1558
1110
1159
1559
1111
1160
1560
1112
1161
1561
1113
1162
1562
1114
1163
1563
1115
1164
1564
1116
1165
1565
1117
1166
1566
1118
1167
1567
1119
1168
1568
1120
1169
1569
1121
1170
1570
1122
1171
1571
1123
1172
1572
1124
1173
1573
1125
1174
1574
1126
1175
1575
1127
1176
1576
1128
1177
1577
1129
1178
1578
1130
1179
1579
1131
1180
1580
1132
1181
1581
1133
1182
1582
1134
1183
1583
1135
1184
1584
1136
1185
1585
1137
1186
1586
1138
1187
1587
1139
1188
1588
1140
1189
1589
1141
1590
1142
1591
1143
1592
1144
1593
1145
1594
1146
1595
1147
1596
1148
1597
1149
1598
1599
1151
1190
1600
1152
1191
1601
1153
1192
1602
1154
1193
1603
1155
1194
1604
1156
1195
1605
1157
1196
1606
1158
1197
1607
1159
1198
1608
1160
1199
1609
1161
1200
1610
1162
1201
1611
1163
1202
1612
1164
1203
1613
1165
1204
1614
1166
1205
1615
1167
1206
1616
1168
1207
1617
1169
1208
1618
1170
1209
1619
1171
1210
1620
1172
1211
1621
1173
1212
1622
1174
1213
1623
1175
1214
1624
1176
1215
1625
1177
1216
1626
1178
1217
1627
1179
1218
1628
1180
1219
1629
1181
1220
1630
1182
1221
1631
1183
1222
1632
1184
1223
1633
1185
1224
1634
1186
1225
1635
1187
1226
1636
1188
1227
1637
1189
1228
1638
1229
1639
1191
1230
1640
1192
1231
1641
1193
1232
1642
1194
1233
1643
1195
1234
1644
1196
1235
1645
1197
1236
1646
1198
1237
1647
1199
1238
1648
1200
1239
1649
1201
1240
1650
1202
1241
1651
1203
1242
1652
1204
1243
1653
1205
1244
1654
1206
1245
1655
1207
1246
1656
1208
1247
1657
1209
1248
1658
1210
1249
1659
1211
1250
1660
1212
1251
1661
1213
1252
1662
1214
1253
1663
1215
1254
1664
1216
1255
1665
1217
1256
1666
1218
1257
1667
1219
1258
1668
1220
1259
1669
1221
1260
1670
1222
1261
1671
1223
1262
1672
1224
1263
1673
1225
1264
1674
1226
1265
1675
1227
1266
1676
1228
1267
1677
1229
1268
1678
1269
1679
1231
1270
1680
1232
1271
1681
1233
1272
1682
1234
1273
1683
1235
1274
1684
1236
1275
1685
1237
1276
1686
1238
1277
1687
1239
1278
1688
1240
1279
1689
1241
1280
1690
1242
1281
1691
1243
1282
1692
1244
1283
1693
1245
1284
1694
1246
1285
1695
1247
1286
1696
1248
1287
1697
1249
1288
1698
1250
1289
1699
1251
1290
1700
1252
1291
1701
1253
1292
1702
1254
1293
1703
1255
1294
1704
1256
1295
1705
1257
1296
1706
1258
1297
1707
1259
1298
1708
1260
1299
1709
1261
1300
1710
1262
1301
1711
1263
1302
1712
1264
1303
1713
1265
1304
1714
1266
1305
1715
1267
1306
1716
1268
1307
1717
1269
1308
1718
1309
1719
1271
1310
1720
1272
1311
1721
1273
1312
1722
1274
1313
1723
1275
1314
1724
1276
1315
1725
1277
1316
1726
1278
1317
1727
1279
1318
1728
1280
1319
1729
1281
1320
1730
1282
1321
1731
1283
1322
1732
1284
1323
1733
1285
1324
1734
1286
1325
1735
1287
1326
1736
1288
1327
1737
1289
1328
1738
1290
1329
1739
1291
1330
1740
1292
1331
1741
1293
1332
1742
1294
1333
1743
1295
1334
1744
1296
1335
1745
1297
1336
1746
1298
1337
1747
1299
1338
1748
1300
1339
1749
1301
1340
1750
1302
1341
1751
1303
1342
1752
1304
1343
1753
1305
1344
1754
1306
1345
1755
1307
1346
1756
1308
1347
1757
1309
1348
1758
1349
1759
1311
1760
1312
1761
1313
1762
1314
1763
1315
1764
1316
1765
1317
1766
1318
1767
1319
1768
1320
1769
1321
1770
1322
1771
1323
1772
1324
1773
1325
1774
1326
1775
1327
1776
1328
1777
1329
1778
1330
1779
1331
1780
1332
1781
1333
1782
1334
1783
1335
1784
1336
1785
1337
1786
1338
1787
1339
1788
1340
1789
1341
1790
1342
1791
1343
1792
1344
1793
1345
1794
1346
1795
1347
1796
1348
1797
1349
1798
1799
1351
1400
1800
1352
1401
1801
1353
1402
1802
1354
1403
1803
1355
1404
1804
1356
1405
1805
1357
1406
1806
1358
1407
1807
1359
1408
1808
1360
1409
1809
1361
1410
1810
1362
1411
1811
1363
1412
1812
1364
1413
1813
1365
1414
1814
1366
1415
1815
1367
1416
1816
1368
1417
1817
1369
1418
1818
1370
1419
1819
1371
1420
1820
1372
1421
1821
1373
1422
1822
1374
1423
1823
1375
1424
1824
1376
1425
1825
1377
1426
1826
1378
1427
1827
1379
1428
1828
1380
1429
1829
1381
1430
1830
1382
1431
1831
1383
1432
1832
1384
1433
1833
1385
1434
1834
1386
1435
1835
1387
1436
1836
1388
1437
1837
1389
1438
1838
1390
1439
1839
1391
1440
1840
1392
1441
1841
1393
1442
1842
1394
1443
1843
1395
1444
1844
1396
1445
1845
1397
1446
1846
1398
1447
1847
1399
1448
1848
1449
1849
1401
1450
1850
1402
1451
1851
1403
1452
1852
1404
1453
1853
1405
1454
1854
1406
1455
1855
1407
1456
1856
1408
1457
1857
1409
1458
1858
1410
1459
1859
1411
1460
1860
1412
1461
1861
1413
1462
1862
1414
1463
1863
1415
1464
1864
1416
1465
1865
1417
1466
1866
1418
1467
1867
1419
1468
1868
1420
1469
1869
1421
1470
1870
1422
1471
1871
1423
1472
1872
1424
1473
1873
1425
1474
1874
1426
1475
1875
1427
1476
1876
1428
1477
1877
1429
1478
1878
1430
1479
1879
1431
1480
1880
1432
1481
1881
1433
1482
1882
1434
1483
1883
1435
1484
1884
1436
1485
1885
1437
1486
1886
1438
1487
1887
1439
1488
1888
1440
1489
1889
1441
1490
1890
1442
1491
1891
1443
1492
1892
1444
1493
1893
1445
1494
1894
1446
1495
1895
1447
1496
1896
1448
1497
1897
1449
1498
1898
1499
1899
1451
1500
1900
1452
1501
1901
1453
1502
1902
1454
1503
1903
1455
1504
1904
1456
1505
1905
1457
1506
1906
1458
1507
1907
1459
1508
1908
1460
1509
1909
1461
1510
1910
1462
1511
1911
1463
1512
1912
1464
1513
1913
1465
1514
1914
1466
1515
1915
1467
1516
1916
1468
1517
1917
1469
1518
1918
1470
1519
1919
1471
1520
1920
1472
1521
1921
1473
1522
1922
1474
1523
1923
1475
1524
1924
1476
1525
1925
1477
1526
1926
1478
1527
1927
1479
1528
1928
1480
1529
1929
1481
1530
1930
1482
1531
1931
1483
1532
1932
1484
1533
1933
1485
1534
1934
1486
1535
1935
1487
1536
1936
1488
1537
1937
1489
1538
1938
1490
1539
1939
1491
1540
1940
1492
1541
1941
1493
1542
1942
1494
1543
1943
1495
1544
1944
1496
1545
1945
1497
1546
1946
1498
1547
1947
1499
1548
1948
1549
1949
1501
1550
1950
1502
1551
1951
1503
1552
1952
1504
1553
1953
1505
1554
1954
1506
1555
1955
1507
1556
1956
1508
1557
1957
1509
1558
1958
1510
1559
1959
1511
1560
1960
1512
1561
1961
1513
1562
1962
1514
1563
1963
1515
1564
1964
1516
1565
1965
1517
1566
1966
1518
1567
1967
1519
1568
1968
1520
1569
1969
1521
1570
1970
1522
1571
1971
1523
1572
1972
1524
1573
1973
1525
1574
1974
1526
1575
1975
1527
1576
1976
1528
1577
1977
1529
1578
1978
1530
1579
1979
1531
1580
1980
1532
1581
1981
1533
1582
1982
1534
1583
1983
1535
1584
1984
1536
1585
1985
1537
1586
1986
1538
1587
1987
1539
1588
1988
1540
1589
1989
1541
1590
1990
1542
1591
1991
1543
1592
1992
1544
1593
1993
1545
1594
1994
1546
1595
1995
1547
1596
1996
1548
1597
1997
1549
1598
1998
1599
1999
1551
1600
2000
1552
1601
2001
1553
1602
2002
1554
1603
2003
1555
1604
2004
1556
1605
2005
1557
1606
2006
1558
1607
2007
1559
1608
2008
1560
1609
2009
1561
1610
2010
1562
1611
2011
1563
1612
2012
1564
1613
2013
1565
1614
2014
1566
1615
2015
1567
1616
2016
1568
1617
2017
1569
1618
2018
1570
1619
2019
1571
1620
2020
1572
1621
2021
1573
1622
2022
1574
1623
2023
1575
1624
2024
1576
1625
2025
1577
1626
2026
1578
1627
2027
1579
1628
2028
1580
1629
2029
1581
1630
2030
1582
1631
2031
1583
1632
2032
1584
1633
2033
1585
1634
2034
1586
1635
2035
1587
1636
2036
1588
1637
2037
1589
1638
2038
1590
1639
2039
1591
2040
1592
2041
1593
2042
1594
2043
1595
2044
1596
2045
1597
2046
1598
2047
1599
2048
2049
1601
1640
2050
1602
1641
2051
1603
1642
2052
1604
1643
2053
1605
1644
2054
1606
1645
2055
1607
1646
2056
1608
1647
2057
1609
1648
2058
1610
1649
2059
1611
1650
2060
1612
1651
2061
1613
1652
2062
1614
1653
2063
1615
1654
2064
1616
1655
2065
1617
1656
2066
1618
1657
2067
1619
1658
2068
1620
1659
2069
1621
1660
2070
1622
1661
2071
1623
1662
2072
1624
1663
2073
1625
1664
2074
1626
1665
2075
1627
1666
2076
1628
1667
2077
1629
1668
2078
1630
1669
2079
1631
1670
2080
1632
1671
2081
1633
1672
2082
1634
1673
2083
1635
1674
2084
1636
1675
2085
1637
1676
2086
1638
1677
2087
1639
1678
2088
1679
2089
1641
1680
2090
1642
1681
2091
1643
1682
2092
1644
1683
2093
1645
1684
2094
1646
1685
2095
1647
1686
2096
1648
1687
2097
1649
1688
2098
1650
1689
2099
1651
1690
2100
1652
1691
2101
1653
1692
2102
1654
1693
2103
1655
1694
2104
1656
1695
2105
1657
1696
2106
1658
1697
2107
1659
1698
2108
1660
1699
2109
1661
1700
2110
1662
1701
2111
1663
1702
2112
1664
1703
2113
1665
1704
2114
1666
1705
2115
1667
1706
2116
1668
1707
2117
1669
1708
2118
1670
1709
2119
1671
1710
2120
1672
1711
2121
1673
1712
2122
1674
1713
2123
1675
1714
2124
1676
1715
2125
1677
1716
2126
1678
1717
2127
1679
1718
2128
1719
2129
1681
1720
2130
1682
1721
2131
1683
1722
2132
1684
1723
2133
1685
1724
2134
1686
1725
2135
1687
1726
2136
1688
1727
2137
1689
1728
2138
1690
1729
2139
1691
1730
2140
1692
1731
2141
1693
1732
2142
1694
1733
2143
1695
1734
2144
1696
1735
2145
1697
1736
2146
1698
1737
2147
1699
1738
2148
1700
1739
2149
1701
1740
2150
1702
1741
2151
1703
1742
2152
1704
1743
2153
1705
1744
2154
1706
1745
2155
1707
1746
2156
1708
1747
2157
1709
1748
2158
1710
1749
2159
1711
1750
2160
1712
1751
2161
1713
1752
2162
1714
1753
2163
1715
1754
2164
1716
1755
2165
1717
1756
2166
1718
1757
2167
1719
1758
2168
1759
2169
1721
1760
2170
1722
1761
2171
1723
1762
2172
1724
1763
2173
1725
1764
2174
1726
1765
2175
1727
1766
2176
1728
1767
2177
1729
1768
2178
1730
1769
2179
1731
1770
2180
1732
1771
2181
1733
1772
2182
1734
1773
2183
1735
1774
2184
1736
1775
2185
1737
1776
2186
1738
1777
2187
1739
1778
2188
1740
1779
2189
1741
1780
2190
1742
1781
2191
1743
1782
2192
1744
1783
2193
1745
1784
2194
1746
1785
2195
1747
1786
2196
1748
1787
2197
1749
1788
2198
1750
1789
2199
1751
1790
2200
1752
1791
2201
1753
1792
2202
1754
1793
2203
1755
1794
2204
1756
1795
2205
1757
1796
2206
1758
1797
2207
1759
1798
2208
1799
2209
1761
2210
1762
2211
1763
2212
1764
2213
1765
2214
1766
2215
1767
2216
1768
2217
1769
2218
1770
2219
1771
2220
1772
2221
1773
2222
1774
2223
1775
2224
1776
2225
1777
2226
1778
2227
1779
2228
1780
2229
1781
2230
1782
2231
1783
2232
1784
2233
1785
2234
1786
2235
1787
2236
1788
2237
1789
2238
1790
2239
1791
2240
1792
2241
1793
2242
1794
2243
1795
2244
1796
2245
1797
2246
1798
2247
1799
2248
2249
1801
1850
1802
1851
1803
1852
1804
1853
1805
1854
1806
1855
1807
1856
1808
1857
1809
1858
1810
1859
1811
1860
1812
1861
1813
1862
1814
1863
1815
1864
1816
1865
1817
1866
1818
1867
1819
1868
1820
1869
1821
1870
1822
1871
1823
1872
1824
1873
1825
1874
1826
1875
1827
1876
1828
1877
1829
1878
1830
1879
1831
1880
1832
1881
1833
1882
1834
1883
1835
1884
1836
1885
1837
1886
1838
1887
1839
1888
1840
1889
1841
1890
1842
1891
1843
1892
1844
1893
1845
1894
1846
1895
1847
1896
1848
1897
1849
1898
1899
1851
1900
1852
1901
1853
1902
1854
1903
1855
1904
1856
1905
1857
1906
1858
1907
1859
1908
1860
1909
1861
1910
1862
1911
1863
1912
1864
1913
1865
1914
1866
1915
1867
1916
1868
1917
1869
1918
1870
1919
1871
1920
1872
1921
1873
1922
1874
1923
1875
1924
1876
1925
1877
1926
1878
1927
1879
1928
1880
1929
1881
1930
1882
1931
1883
1932
1884
1933
1885
1934
1886
1935
1887
1936
1888
1937
1889
1938
1890
1939
1891
1940
1892
1941
1893
1942
1894
1943
1895
1944
1896
1945
1897
1946
1898
1947
1899
1948
1949
1901
1950
1902
1951
1903
1952
1904
1953
1905
1954
1906
1955
1907
1956
1908
1957
1909
1958
1910
1959
1911
1960
1912
1961
1913
1962
1914
1963
1915
1964
1916
1965
1917
1966
1918
1967
1919
1968
1920
1969
1921
1970
1922
1971
1923
1972
1924
1973
1925
1974
1926
1975
1927
1976
1928
1977
1929
1978
1930
1979
1931
1980
1932
1981
1933
1982
1934
1983
1935
1984
1936
1985
1937
1986
1938
1987
1939
1988
1940
1989
1941
1990
1942
1991
1943
1992
1944
1993
1945
1994
1946
1995
1947
1996
1948
1997
1949
1998
1999
1951
2000
1952
2001
1953
2002
1954
2003
1955
2004
1956
2005
1957
2006
1958
2007
1959
2008
1960
2009
1961
2010
1962
2011
1963
2012
1964
2013
1965
2014
1966
2015
1967
2016
1968
2017
1969
2018
1970
2019
1971
2020
1972
2021
1973
2022
1974
2023
1975
2024
1976
2025
1977
2026
1978
2027
1979
2028
1980
2029
1981
2030
1982
2031
1983
2032
1984
2033
1985
2034
1986
2035
1987
2036
1988
2037
1989
2038
1990
2039
1991
2040
1992
2041
1993
2042
1994
2043
1995
2044
1996
2045
1997
2046
1998
2047
1999
2048
2049
2001
2050
2002
2051
2003
2052
2004
2053
2005
2054
2006
2055
2007
2056
2008
2057
2009
2058
2010
2059
2011
2060
2012
2061
2013
2062
2014
2063
2015
2064
2016
2065
2017
2066
2018
2067
2019
2068
2020
2069
2021
2070
2022
2071
2023
2072
2024
2073
2025
2074
2026
2075
2027
2076
2028
2077
2029
2078
2030
2079
2031
2080
2032
2081
2033
2082
2034
2083
2035
2084
2036
2085
2037
2086
2038
2087
2039
2088
2040
2089
2041
2042
2043
2044
2045
2046
2047
2048
2049
2051
2090
2052
2091
2053
2092
2054
2093
2055
2094
2056
2095
2057
2096
2058
2097
2059
2098
2060
2099
2061
2100
2062
2101
2063
2102
2064
2103
2065
2104
2066
2105
2067
2106
2068
2107
2069
2108
2070
2109
2071
2110
2072
2111
2073
2112
2074
2113
2075
2114
2076
2115
2077
2116
2078
2117
2079
2118
2080
2119
2081
2120
2082
2121
2083
2122
2084
2123
2085
2124
2086
2125
2087
2126
2088
2127
2089
2128
2129
2091
2130
2092
2131
2093
2132
2094
2133
2095
2134
2096
2135
2097
2136
2098
2137
2099
2138
2100
2139
2101
2140
2102
2141
2103
2142
2104
2143
2105
2144
2106
2145
2107
2146
2108
2147
2109
2148
2110
2149
2111
2150
2112
2151
2113
2152
2114
2153
2115
2154
2116
2155
2117
2156
2118
2157
2119
2158
2120
2159
2121
2160
2122
2161
2123
2162
2124
2163
2125
2164
2126
2165
2127
2166
2128
2167
2129
2168
2169
2131
2170
2132
2171
2133
2172
2134
2173
2135
2174
2136
2175
2137
2176
2138
2177
2139
2178
2140
2179
2141
2180
2142
2181
2143
2182
2144
2183
2145
2184
2146
2185
2147
2186
2148
2187
2149
2188
2150
2189
2151
2190
2152
2191
2153
2192
2154
2193
2155
2194
2156
2195
2157
2196
2158
2197
2159
2198
2160
2199
2161
2200
2162
2201
2163
2202
2164
2203
2165
2204
2166
2205
2167
2206
2168
2207
2169
2208
2209
2171
2210
2172
2211
2173
2212
2174
2213
2175
2214
2176
2215
2177
2216
2178
2217
2179
2218
2180
2219
2181
2220
2182
2221
2183
2222
2184
2223
2185
2224
2186
2225
2187
2226
2188
2227
2189
2228
2190
2229
2191
2230
2192
2231
2193
2232
2194
2233
2195
2234
2196
2235
2197
2236
2198
2237
2199
2238
2200
2239
2201
2240
2202
2241
2203
2242
2204
2243
2205
2244
2206
2245
2207
2246
2208
2247
2209
2248
2249
2211
2212
2213
2214
2215
2216
2217
2218
2219
2220
2221
2222
2223
2224
2225
2226
2227
2228
2229
2230
2231
2232
2233
2234
2235
2236
2237
2238
2239
2240
2241
2242
2243
2244
2245
2246
2247
2248
2249
)


// ************************************************************************* //
