/*--------------------------------*- C++ -*----------------------------------*\
  =========                 |
  \\      /  F ield         | OpenFOAM: The Open Source CFD Toolbox
   \\    /   O peration     | Website:  https://openfoam.org
    \\  /    A nd           | Version:  9
     \\/     M anipulation  |
\*---------------------------------------------------------------------------*/
FoamFile
{
    format      ascii;
    class       vectorField;
    location    "constant/polyMesh";
    object      points;
}
// * * * * * * * * * * * * * * * * * * * * * * * * * * * * * * * * * * * * * //


3066
(
(0 0 0)
(0.00565468 0 0)
(0.0100671 0 0)
(0.015 0 0)
(0.02 0 0)
(0.025 0 0)
(0.03 0 0)
(0.035 0 0)
(0.04 0 0)
(0.045 0 0)
(0.05 0 0)
(0.055 0 0)
(0.06 0 0)
(0.065 0 0)
(0.07 0 0)
(0.075 0 0)
(0.08 0 0)
(0.085 0 0)
(0.09 0 0)
(0.095 0 0)
(0.1 0 0)
(0.105 0 0)
(0.11 0 0)
(0.115 0 0)
(0.12 0 0)
(0.125 0 0)
(0.13 0 0)
(0.135 0 0)
(0.14 0 0)
(0.145 0 0)
(0.15 0 0)
(0.155 0 0)
(0.16 0 0)
(0.165 0 0)
(0.17 0 0)
(0.175 0 0)
(0.18 0 0)
(0.185 0 0)
(0.19 0 0)
(0.195 0 0)
(0.2 0 0)
(0.205 0 0)
(0.21 0 0)
(0.215 0 0)
(0.22 0 0)
(0.225 0 0)
(0.23 0 0)
(0.235 0 0)
(0.239933 0 0)
(0.244345 0 0)
(0.25 0 0)
(0 0.00565468 0)
(0.00499469 0.00497046 0)
(0.00981874 0.00474682 0)
(0.0148981 0.00467425 0)
(0.0199601 0.0046505 0)
(0.0249863 0.00464273 0)
(0.029996 0.00464041 0)
(0.034999 0.00463983 0)
(0.0399998 0.00463973 0)
(0.045 0.00463974 0)
(0.05 0.00463976 0)
(0.055 0.00463977 0)
(0.06 0.00463977 0)
(0.065 0.00463978 0)
(0.07 0.00463978 0)
(0.075 0.00463978 0)
(0.08 0.00463978 0)
(0.085 0.00463978 0)
(0.09 0.00463978 0)
(0.095 0.00463978 0)
(0.1 0.00463978 0)
(0.105 0.00463978 0)
(0.11 0.00463978 0)
(0.115 0.00463978 0)
(0.12 0.00463978 0)
(0.125 0.00463978 0)
(0.13 0.00463978 0)
(0.135 0.00463978 0)
(0.14 0.00463978 0)
(0.145 0.00463977 0)
(0.15 0.00463977 0)
(0.155 0.00463977 0)
(0.16 0.00463977 0)
(0.165 0.00463976 0)
(0.17 0.00463976 0)
(0.175 0.00463976 0)
(0.18 0.00463975 0)
(0.185 0.00463975 0)
(0.19 0.00463974 0)
(0.195 0.00463972 0)
(0.2 0.0046397 0)
(0.205 0.00463965 0)
(0.21 0.00463957 0)
(0.215001 0.0046395 0)
(0.220005 0.00463978 0)
(0.225016 0.00464183 0)
(0.230044 0.00465009 0)
(0.235112 0.00467722 0)
(0.240201 0.00476193 0)
(0.24503 0.00502187 0)
(0.25 0.00565468 0)
(0 0.0100671 0)
(0.00475144 0.0098097 0)
(0.00967498 0.00967101 0)
(0.0148288 0.00961213 0)
(0.0199317 0.00959076 0)
(0.0249764 0.00958381 0)
(0.0299931 0.00958184 0)
(0.0349983 0.00958137 0)
(0.0399997 0.00958128 0)
(0.0449999 0.00958128 0)
(0.05 0.00958128 0)
(0.055 0.00958128 0)
(0.06 0.00958129 0)
(0.065 0.00958129 0)
(0.07 0.00958129 0)
(0.075 0.00958129 0)
(0.08 0.00958129 0)
(0.085 0.00958129 0)
(0.09 0.00958129 0)
(0.095 0.00958129 0)
(0.1 0.00958129 0)
(0.105 0.00958129 0)
(0.11 0.00958129 0)
(0.115 0.00958129 0)
(0.12 0.00958129 0)
(0.125 0.00958129 0)
(0.13 0.00958129 0)
(0.135 0.00958129 0)
(0.14 0.00958129 0)
(0.145 0.00958129 0)
(0.15 0.00958129 0)
(0.155 0.00958129 0)
(0.16 0.00958128 0)
(0.165 0.00958128 0)
(0.17 0.00958127 0)
(0.175 0.00958125 0)
(0.18 0.00958122 0)
(0.185 0.00958115 0)
(0.19 0.00958103 0)
(0.195 0.00958088 0)
(0.2 0.00958073 0)
(0.205 0.00958061 0)
(0.210001 0.00958056 0)
(0.215002 0.00958061 0)
(0.220008 0.00958113 0)
(0.225027 0.00958341 0)
(0.230075 0.00959151 0)
(0.235186 0.00961611 0)
(0.240351 0.00968207 0)
(0.245266 0.00982971 0)
(0.25 0.0100671 0)
(0 0.015 0)
(0.0046746 0.0148958 0)
(0.00961313 0.0148286 0)
(0.0147946 0.0147962 0)
(0.0199168 0.0147835 0)
(0.0249712 0.0147792 0)
(0.0299916 0.0147781 0)
(0.0349979 0.0147778 0)
(0.0399996 0.0147777 0)
(0.0449999 0.0147777 0)
(0.05 0.0147777 0)
(0.055 0.0147777 0)
(0.06 0.0147777 0)
(0.065 0.0147777 0)
(0.07 0.0147777 0)
(0.075 0.0147777 0)
(0.08 0.0147777 0)
(0.085 0.0147777 0)
(0.09 0.0147777 0)
(0.095 0.0147777 0)
(0.1 0.0147777 0)
(0.105 0.0147777 0)
(0.11 0.0147777 0)
(0.115 0.0147777 0)
(0.12 0.0147777 0)
(0.125 0.0147777 0)
(0.13 0.0147777 0)
(0.135 0.0147777 0)
(0.14 0.0147777 0)
(0.145 0.0147777 0)
(0.15 0.0147777 0)
(0.155 0.0147777 0)
(0.16 0.0147777 0)
(0.165 0.0147777 0)
(0.17 0.0147777 0)
(0.175 0.0147776 0)
(0.18 0.0147774 0)
(0.185 0.0147771 0)
(0.19 0.0147767 0)
(0.195 0.014776 0)
(0.2 0.0147753 0)
(0.205 0.0147749 0)
(0.210001 0.0147747 0)
(0.215003 0.0147747 0)
(0.22001 0.014775 0)
(0.225033 0.0147765 0)
(0.230091 0.0147814 0)
(0.235222 0.0147958 0)
(0.240414 0.0148311 0)
(0.245336 0.0149008 0)
(0.25 0.015 0)
(0 0.02 0)
(0.00465039 0.0199636 0)
(0.00959104 0.0199389 0)
(0.0147813 0.0199263 0)
(0.0199107 0.0199213 0)
(0.024969 0.0199196 0)
(0.0299909 0.0199191 0)
(0.0349978 0.019919 0)
(0.0399996 0.019919 0)
(0.0449999 0.019919 0)
(0.05 0.019919 0)
(0.055 0.019919 0)
(0.06 0.019919 0)
(0.065 0.019919 0)
(0.07 0.019919 0)
(0.075 0.019919 0)
(0.08 0.019919 0)
(0.085 0.019919 0)
(0.09 0.019919 0)
(0.095 0.019919 0)
(0.1 0.019919 0)
(0.105 0.019919 0)
(0.11 0.019919 0)
(0.115 0.019919 0)
(0.12 0.019919 0)
(0.125 0.019919 0)
(0.13 0.019919 0)
(0.135 0.019919 0)
(0.14 0.019919 0)
(0.145 0.019919 0)
(0.15 0.019919 0)
(0.155 0.019919 0)
(0.16 0.019919 0)
(0.165 0.019919 0)
(0.17 0.0199188 0)
(0.175 0.0199186 0)
(0.18 0.0199181 0)
(0.185 0.019917 0)
(0.19 0.0199153 0)
(0.195 0.0199129 0)
(0.200001 0.0199104 0)
(0.205001 0.0199086 0)
(0.210001 0.0199078 0)
(0.215003 0.0199076 0)
(0.220011 0.0199077 0)
(0.225035 0.0199084 0)
(0.230098 0.0199107 0)
(0.235236 0.0199172 0)
(0.240437 0.0199323 0)
(0.245357 0.0199608 0)
(0.25 0.02 0)
(0 0.025 0)
(0.00464464 0.0250014 0)
(0.009586 0.0250027 0)
(0.0147781 0.0250036 0)
(0.0199092 0.025004 0)
(0.0249684 0.0250042 0)
(0.0299908 0.0250043 0)
(0.0349977 0.0250043 0)
(0.0399995 0.0250043 0)
(0.0449999 0.0250043 0)
(0.05 0.0250043 0)
(0.055 0.0250043 0)
(0.06 0.0250043 0)
(0.065 0.0250043 0)
(0.07 0.0250043 0)
(0.075 0.0250043 0)
(0.08 0.0250043 0)
(0.085 0.0250043 0)
(0.09 0.0250043 0)
(0.095 0.0250043 0)
(0.1 0.0250043 0)
(0.105 0.0250043 0)
(0.11 0.0250043 0)
(0.115 0.0250043 0)
(0.12 0.0250043 0)
(0.125 0.0250043 0)
(0.13 0.0250043 0)
(0.135 0.0250043 0)
(0.14 0.0250043 0)
(0.145 0.0250043 0)
(0.15 0.0250043 0)
(0.155 0.0250043 0)
(0.16 0.0250042 0)
(0.165 0.0250041 0)
(0.17 0.0250039 0)
(0.175 0.0250032 0)
(0.18 0.0250017 0)
(0.185 0.0249985 0)
(0.190001 0.0249931 0)
(0.195002 0.0249853 0)
(0.200002 0.0249771 0)
(0.205001 0.0249714 0)
(0.210002 0.0249687 0)
(0.215003 0.0249678 0)
(0.220011 0.0249678 0)
(0.225036 0.0249681 0)
(0.2301 0.0249689 0)
(0.235241 0.0249712 0)
(0.240444 0.0249765 0)
(0.245364 0.0249864 0)
(0.25 0.025 0)
(0 0.03 0)
(0.00465064 0.0300399 0)
(0.00959204 0.0300682 0)
(0.0147818 0.0300827 0)
(0.0199109 0.0300887 0)
(0.024969 0.0300908 0)
(0.0299909 0.0300914 0)
(0.0349978 0.0300916 0)
(0.0399995 0.0300916 0)
(0.0449999 0.0300916 0)
(0.05 0.0300916 0)
(0.055 0.0300916 0)
(0.06 0.0300916 0)
(0.065 0.0300916 0)
(0.07 0.0300916 0)
(0.075 0.0300916 0)
(0.08 0.0300916 0)
(0.085 0.0300916 0)
(0.09 0.0300916 0)
(0.095 0.0300916 0)
(0.1 0.0300916 0)
(0.105 0.0300916 0)
(0.11 0.0300916 0)
(0.115 0.0300916 0)
(0.12 0.0300916 0)
(0.125 0.0300916 0)
(0.13 0.0300916 0)
(0.135 0.0300916 0)
(0.14 0.0300916 0)
(0.145 0.0300916 0)
(0.15 0.0300916 0)
(0.155 0.0300916 0)
(0.16 0.0300915 0)
(0.165 0.0300913 0)
(0.17 0.0300907 0)
(0.175 0.0300891 0)
(0.18 0.0300852 0)
(0.185001 0.030077 0)
(0.190003 0.0300623 0)
(0.195004 0.0300404 0)
(0.200005 0.0300164 0)
(0 0.035 0)
(0.00467723 0.0351103 0)
(0.00961614 0.0351838 0)
(0.0147959 0.0352193 0)
(0.0199172 0.0352333 0)
(0.0249712 0.035238 0)
(0.0299915 0.0352393 0)
(0.0349979 0.0352396 0)
(0.0399996 0.0352397 0)
(0.0449999 0.0352397 0)
(0.05 0.0352397 0)
(0.055 0.0352397 0)
(0.06 0.0352398 0)
(0.065 0.0352398 0)
(0.07 0.0352398 0)
(0.075 0.0352398 0)
(0.08 0.0352398 0)
(0.085 0.0352398 0)
(0.09 0.0352398 0)
(0.095 0.0352398 0)
(0.1 0.0352398 0)
(0.105 0.0352398 0)
(0.11 0.0352398 0)
(0.115 0.0352398 0)
(0.12 0.0352398 0)
(0.125 0.0352398 0)
(0.13 0.0352398 0)
(0.135 0.0352398 0)
(0.14 0.0352397 0)
(0.145 0.0352397 0)
(0.15 0.0352397 0)
(0.155 0.0352397 0)
(0.16 0.0352396 0)
(0.165 0.0352392 0)
(0.17 0.035238 0)
(0.175 0.0352347 0)
(0.180001 0.0352265 0)
(0.185003 0.0352084 0)
(0.190007 0.0351746 0)
(0.19501 0.0351204 0)
(0.20001 0.0350568 0)
(0 0.0399329 0)
(0.00476184 0.0402 0)
(0.00968198 0.0403496 0)
(0.014831 0.0404126 0)
(0.0199323 0.0404353 0)
(0.0249765 0.0404428 0)
(0.029993 0.0404449 0)
(0.0349982 0.0404455 0)
(0.0399996 0.0404457 0)
(0.0449999 0.0404457 0)
(0.05 0.0404457 0)
(0.055 0.0404457 0)
(0.06 0.0404457 0)
(0.065 0.0404457 0)
(0.07 0.0404457 0)
(0.075 0.0404457 0)
(0.08 0.0404457 0)
(0.085 0.0404457 0)
(0.09 0.0404457 0)
(0.095 0.0404457 0)
(0.1 0.0404457 0)
(0.105 0.0404457 0)
(0.11 0.0404457 0)
(0.115 0.0404457 0)
(0.12 0.0404457 0)
(0.125 0.0404457 0)
(0.13 0.0404457 0)
(0.135 0.0404457 0)
(0.14 0.0404457 0)
(0.145 0.0404457 0)
(0.15 0.0404457 0)
(0.155 0.0404456 0)
(0.16 0.0404454 0)
(0.165 0.0404449 0)
(0.17 0.0404431 0)
(0.175 0.040438 0)
(0.180001 0.0404244 0)
(0.185005 0.0403924 0)
(0.190015 0.0403331 0)
(0.195027 0.04023 0)
(0.200028 0.0400902 0)
(0 0.0443453 0)
(0.00502167 0.0450293 0)
(0.00982951 0.0452649 0)
(0.0149007 0.0453339 0)
(0.0199608 0.0453552 0)
(0.0249864 0.0453622 0)
(0.0299959 0.0453644 0)
(0.0349989 0.0453651 0)
(0.0399998 0.0453652 0)
(0.045 0.0453653 0)
(0.05 0.0453653 0)
(0.055 0.0453653 0)
(0.06 0.0453653 0)
(0.065 0.0453653 0)
(0.07 0.0453653 0)
(0.075 0.0453653 0)
(0.08 0.0453653 0)
(0.085 0.0453653 0)
(0.09 0.0453653 0)
(0.095 0.0453653 0)
(0.1 0.0453653 0)
(0.105 0.0453653 0)
(0.11 0.0453653 0)
(0.115 0.0453653 0)
(0.12 0.0453653 0)
(0.125 0.0453653 0)
(0.13 0.0453653 0)
(0.135 0.0453653 0)
(0.14 0.0453653 0)
(0.145 0.0453653 0)
(0.15 0.0453652 0)
(0.155 0.0453652 0)
(0.16 0.045365 0)
(0.165 0.0453645 0)
(0.17 0.045363 0)
(0.175 0.0453586 0)
(0.18 0.0453458 0)
(0.185006 0.0453079 0)
(0.190027 0.0452569 0)
(0.195078 0.0451818 0)
(0.200088 0.0450052 0)
(0 0.05 0)
(0.00565468 0.05 0)
(0.0100671 0.05 0)
(0.015 0.05 0)
(0.02 0.05 0)
(0.025 0.05 0)
(0.03 0.05 0)
(0.035 0.05 0)
(0.04 0.05 0)
(0.045 0.05 0)
(0.05 0.05 0)
(0.055 0.05 0)
(0.06 0.05 0)
(0.065 0.05 0)
(0.07 0.05 0)
(0.075 0.05 0)
(0.08 0.05 0)
(0.085 0.05 0)
(0.09 0.05 0)
(0.095 0.05 0)
(0.1 0.05 0)
(0.105 0.05 0)
(0.11 0.05 0)
(0.115 0.05 0)
(0.12 0.05 0)
(0.125 0.05 0)
(0.13 0.05 0)
(0.135 0.05 0)
(0.14 0.05 0)
(0.145 0.05 0)
(0.15 0.05 0)
(0.155 0.05 0)
(0.16 0.05 0)
(0.165 0.05 0)
(0.17 0.05 0)
(0.175 0.05 0)
(0.18 0.05 0)
(0.185 0.05 0)
(0.189997 0.05 0)
(0.194983 0.05 0)
(0.2 0.05 0)
(0 0 0.00565468)
(0.00503402 0 0.00501185)
(0.00983838 0 0.00480873)
(0.0149054 0 0.00475527)
(0.0199627 0 0.0047398)
(0.0249869 0 0.00473478)
(0.029996 0 0.00473318)
(0.0349989 0 0.0047327)
(0.0399998 0 0.00473257)
(0.045 0 0.00473254)
(0.05 0 0.00473254)
(0.055 0 0.00473254)
(0.06 0 0.00473255)
(0.065 0 0.00473255)
(0.07 0 0.00473255)
(0.075 0 0.00473255)
(0.08 0 0.00473255)
(0.085 0 0.00473255)
(0.09 0 0.00473255)
(0.095 0 0.00473255)
(0.1 0 0.00473255)
(0.105 0 0.00473255)
(0.11 0 0.00473255)
(0.115 0 0.00473255)
(0.12 0 0.00473255)
(0.125 0 0.00473255)
(0.13 0 0.00473255)
(0.135 0 0.00473255)
(0.14 0 0.00473255)
(0.145 0 0.00473255)
(0.15 0 0.00473255)
(0.155 0 0.00473255)
(0.16 0 0.00473255)
(0.165 0 0.00473255)
(0.17 0 0.00473255)
(0.175 0 0.00473254)
(0.18 0 0.00473254)
(0.185 0 0.00473253)
(0.19 0 0.00473252)
(0.195 0 0.00473252)
(0.2 0 0.00473251)
(0.205 0 0.00473251)
(0.21 0 0.00473254)
(0.215001 0 0.00473268)
(0.220005 0 0.00473325)
(0.225015 0 0.0047352)
(0.230042 0 0.00474143)
(0.235107 0 0.00476048)
(0.240189 0 0.00482266)
(0.244996 0 0.00503927)
(0.25 0 0.00565468)
(0 0.00500994 0.00503401)
(0.00422854 0.00420896 0.00423642)
(0.00966329 0.0041838 0.00423099)
(0.0148527 0.00416555 0.00422829)
(0.0199381 0.00415374 0.00422392)
(0.0249759 0.00414879 0.00422206)
(0.0299914 0.00414702 0.00422149)
(0.0349972 0.00414646 0.00422132)
(0.0399991 0.00414631 0.00422128)
(0.0449997 0.00414628 0.00422127)
(0.0499999 0.00414627 0.00422126)
(0.055 0.00414628 0.00422126)
(0.06 0.00414628 0.00422126)
(0.065 0.00414628 0.00422126)
(0.07 0.00414628 0.00422126)
(0.075 0.00414628 0.00422126)
(0.08 0.00414628 0.00422126)
(0.085 0.00414628 0.00422126)
(0.09 0.00414628 0.00422126)
(0.095 0.00414628 0.00422126)
(0.1 0.00414628 0.00422126)
(0.105 0.00414628 0.00422126)
(0.11 0.00414628 0.00422126)
(0.115 0.00414628 0.00422126)
(0.12 0.00414628 0.00422126)
(0.125 0.00414628 0.00422126)
(0.13 0.00414628 0.00422126)
(0.135 0.00414628 0.00422126)
(0.14 0.00414628 0.00422126)
(0.145 0.00414628 0.00422126)
(0.15 0.00414628 0.00422126)
(0.155 0.00414627 0.00422126)
(0.16 0.00414627 0.00422126)
(0.165 0.00414626 0.00422126)
(0.17 0.00414624 0.00422126)
(0.175 0.00414621 0.00422126)
(0.18 0.00414616 0.00422125)
(0.185 0.00414608 0.00422124)
(0.19 0.00414598 0.00422123)
(0.195 0.00414586 0.00422123)
(0.2 0.00414573 0.00422122)
(0.205 0.00414563 0.00422123)
(0.210001 0.00414557 0.00422126)
(0.215003 0.00414563 0.00422135)
(0.22001 0.00414614 0.00422164)
(0.225027 0.00414804 0.00422246)
(0.230067 0.00415375 0.00422479)
(0.235157 0.00416789 0.00423049)
(0.240349 0.00419076 0.00423618)
(0.245806 0.00423004 0.00424931)
(0.25 0.00500379 0.00501306)
(0 0.00981957 0.00482174)
(0.00418752 0.00965352 0.00423276)
(0.00955734 0.00955588 0.00433951)
(0.014785 0.00950687 0.00437347)
(0.0199038 0.0094865 0.00437909)
(0.0249606 0.00947883 0.00437996)
(0.0299851 0.00947619 0.00438041)
(0.0349948 0.00947536 0.0043805)
(0.0399982 0.00947513 0.00438052)
(0.0449994 0.00947507 0.00438052)
(0.0499998 0.00947506 0.00438052)
(0.0549999 0.00947505 0.00438052)
(0.06 0.00947505 0.00438052)
(0.065 0.00947505 0.00438052)
(0.07 0.00947505 0.00438052)
(0.075 0.00947505 0.00438052)
(0.08 0.00947505 0.00438052)
(0.085 0.00947505 0.00438052)
(0.09 0.00947505 0.00438052)
(0.095 0.00947505 0.00438052)
(0.1 0.00947505 0.00438052)
(0.105 0.00947505 0.00438052)
(0.11 0.00947505 0.00438052)
(0.115 0.00947505 0.00438052)
(0.12 0.00947505 0.00438052)
(0.125 0.00947505 0.00438052)
(0.13 0.00947505 0.00438052)
(0.135 0.00947505 0.00438052)
(0.14 0.00947505 0.00438052)
(0.145 0.00947505 0.00438052)
(0.15 0.00947505 0.00438052)
(0.155 0.00947504 0.00438052)
(0.16 0.00947502 0.00438052)
(0.165 0.00947498 0.00438052)
(0.17 0.00947491 0.00438052)
(0.175 0.00947478 0.00438052)
(0.18 0.00947455 0.00438053)
(0.185 0.0094742 0.00438053)
(0.19 0.0094737 0.00438053)
(0.195 0.00947311 0.00438054)
(0.2 0.00947254 0.00438054)
(0.205001 0.00947211 0.00438055)
(0.210002 0.00947189 0.00438056)
(0.215006 0.00947201 0.00438059)
(0.220017 0.0094729 0.00438068)
(0.225043 0.0094759 0.00438078)
(0.230104 0.00948455 0.00438037)
(0.235227 0.00950671 0.00437661)
(0.240453 0.009557 0.00434722)
(0.245834 0.00966484 0.004249)
(0.25 0.00982865 0.00481975)
(0 0.014899 0.00476101)
(0.00416629 0.0148503 0.00423025)
(0.0095058 0.0147887 0.00437391)
(0.0147458 0.0147523 0.00442048)
(0.019882 0.0147363 0.00443008)
(0.0249502 0.0147301 0.00443213)
(0.0299807 0.0147279 0.00443269)
(0.034993 0.0147272 0.00443284)
(0.0399976 0.014727 0.00443288)
(0.0449992 0.0147269 0.00443289)
(0.0499997 0.0147269 0.00443289)
(0.0549999 0.0147269 0.00443289)
(0.06 0.0147269 0.00443289)
(0.065 0.0147269 0.00443289)
(0.07 0.0147269 0.00443289)
(0.075 0.0147269 0.00443289)
(0.08 0.0147269 0.00443289)
(0.085 0.0147269 0.00443289)
(0.09 0.0147269 0.00443289)
(0.095 0.0147269 0.00443289)
(0.1 0.0147269 0.00443289)
(0.105 0.0147269 0.00443289)
(0.11 0.0147269 0.00443289)
(0.115 0.0147269 0.00443289)
(0.12 0.0147269 0.00443289)
(0.125 0.0147269 0.00443289)
(0.13 0.0147269 0.00443289)
(0.135 0.0147269 0.00443289)
(0.14 0.0147269 0.00443289)
(0.145 0.0147269 0.00443289)
(0.15 0.0147269 0.00443289)
(0.155 0.0147269 0.00443289)
(0.16 0.0147268 0.00443289)
(0.165 0.0147267 0.00443289)
(0.17 0.0147266 0.00443289)
(0.175 0.0147262 0.00443289)
(0.18 0.0147256 0.00443289)
(0.185 0.0147245 0.00443289)
(0.190001 0.0147231 0.0044329)
(0.195001 0.0147213 0.00443291)
(0.200001 0.0147195 0.00443292)
(0.205002 0.0147181 0.00443293)
(0.210003 0.0147174 0.00443294)
(0.215008 0.0147173 0.00443295)
(0.220022 0.0147181 0.00443292)
(0.225054 0.0147208 0.00443263)
(0.230126 0.0147281 0.00443102)
(0.235266 0.014746 0.00442278)
(0.240504 0.0147842 0.00437966)
(0.24585 0.0148546 0.00424337)
(0.25 0.0149045 0.00476257)
(0 0.0199646 0.00474263)
(0.00415398 0.0199453 0.0042252)
(0.00948515 0.0199194 0.00437945)
(0.014729 0.0199027 0.00443008)
(0.019872 0.019895 0.00444105)
(0.0249453 0.019892 0.00444352)
(0.0299785 0.0198909 0.00444412)
(0.0349921 0.0198905 0.00444427)
(0.0399972 0.0198904 0.00444431)
(0.044999 0.0198904 0.00444432)
(0.0499996 0.0198904 0.00444433)
(0.0549999 0.0198904 0.00444433)
(0.06 0.0198904 0.00444433)
(0.065 0.0198904 0.00444433)
(0.07 0.0198904 0.00444433)
(0.075 0.0198904 0.00444433)
(0.08 0.0198904 0.00444433)
(0.085 0.0198904 0.00444433)
(0.09 0.0198904 0.00444433)
(0.095 0.0198904 0.00444433)
(0.1 0.0198904 0.00444433)
(0.105 0.0198904 0.00444433)
(0.11 0.0198904 0.00444433)
(0.115 0.0198904 0.00444433)
(0.12 0.0198904 0.00444433)
(0.125 0.0198904 0.00444433)
(0.13 0.0198904 0.00444433)
(0.135 0.0198904 0.00444433)
(0.14 0.0198904 0.00444433)
(0.145 0.0198904 0.00444433)
(0.15 0.0198903 0.00444433)
(0.155 0.0198903 0.00444433)
(0.16 0.0198902 0.00444433)
(0.165 0.01989 0.00444433)
(0.17 0.0198896 0.00444433)
(0.175 0.0198888 0.00444433)
(0.18 0.0198873 0.00444433)
(0.185001 0.0198847 0.00444435)
(0.190001 0.0198808 0.00444438)
(0.195002 0.0198758 0.00444443)
(0.200002 0.0198708 0.00444448)
(0.205003 0.0198671 0.00444451)
(0.210004 0.0198651 0.00444452)
(0.21501 0.0198645 0.00444453)
(0.220024 0.0198648 0.00444446)
(0.22506 0.0198666 0.00444405)
(0.230137 0.0198712 0.00444202)
(0.235284 0.0198818 0.00443235)
(0.240525 0.0199032 0.00438514)
(0.245861 0.0199393 0.00423771)
(0.25 0.0199632 0.00474502)
(0 0.025001 0.00473819)
(0.00415064 0.0250016 0.00422361)
(0.00947997 0.0250036 0.0043802)
(0.0147246 0.0250043 0.00443173)
(0.0198693 0.0250047 0.00444302)
(0.0249439 0.025005 0.00444558)
(0.0299779 0.0250051 0.00444619)
(0.0349918 0.0250051 0.00444634)
(0.0399971 0.0250052 0.00444638)
(0.044999 0.0250052 0.00444639)
(0.0499996 0.0250052 0.00444639)
(0.0549999 0.0250052 0.0044464)
(0.0599999 0.0250052 0.0044464)
(0.065 0.0250052 0.0044464)
(0.07 0.0250052 0.0044464)
(0.075 0.0250052 0.0044464)
(0.08 0.0250052 0.0044464)
(0.085 0.0250052 0.0044464)
(0.09 0.0250052 0.0044464)
(0.095 0.0250052 0.0044464)
(0.1 0.0250052 0.0044464)
(0.105 0.0250052 0.0044464)
(0.11 0.0250052 0.0044464)
(0.115 0.0250052 0.0044464)
(0.12 0.0250052 0.0044464)
(0.125 0.0250052 0.0044464)
(0.13 0.0250052 0.0044464)
(0.135 0.0250052 0.0044464)
(0.14 0.0250052 0.0044464)
(0.145 0.0250052 0.0044464)
(0.15 0.0250051 0.0044464)
(0.155 0.0250051 0.0044464)
(0.16 0.0250049 0.0044464)
(0.165 0.0250046 0.0044464)
(0.17 0.0250038 0.0044464)
(0.175001 0.0250022 0.0044464)
(0.180001 0.0249988 0.00444643)
(0.185002 0.0249928 0.00444649)
(0.190004 0.0249831 0.00444661)
(0.195005 0.0249701 0.00444682)
(0.200006 0.0249568 0.00444704)
(0.205006 0.0249476 0.00444714)
(0.210006 0.0249429 0.00444718)
(0.215011 0.0249412 0.0044472)
(0.220026 0.0249411 0.00444713)
(0.225063 0.0249421 0.00444667)
(0.230142 0.0249446 0.00444451)
(0.235291 0.02495 0.00443439)
(0.240533 0.0249602 0.00438599)
(0.245865 0.0249765 0.00423525)
(0.25 0.0249874 0.00473925)
(0 0.0300382 0.00474231)
(0.0041545 0.0300585 0.00422506)
(0.00948577 0.030089 0.00437994)
(0.0147294 0.030107 0.00443043)
(0.0198722 0.0301156 0.00444136)
(0.0249454 0.0301191 0.0044438)
(0.0299785 0.0301205 0.00444436)
(0.0349921 0.0301209 0.0044445)
(0.0399972 0.0301211 0.00444453)
(0.044999 0.0301211 0.00444454)
(0.0499996 0.0301211 0.00444454)
(0.0549999 0.0301211 0.00444454)
(0.06 0.0301211 0.00444454)
(0.065 0.0301211 0.00444454)
(0.07 0.0301211 0.00444454)
(0.075 0.0301211 0.00444454)
(0.08 0.0301211 0.00444454)
(0.085 0.0301211 0.00444454)
(0.09 0.0301211 0.00444454)
(0.095 0.0301211 0.00444454)
(0.1 0.0301211 0.00444454)
(0.105 0.0301211 0.00444454)
(0.11 0.0301211 0.00444454)
(0.115 0.0301211 0.00444454)
(0.12 0.0301211 0.00444454)
(0.125 0.0301211 0.00444454)
(0.13 0.0301211 0.00444454)
(0.135 0.0301211 0.00444454)
(0.14 0.0301211 0.00444454)
(0.145 0.0301211 0.00444454)
(0.15 0.0301211 0.00444454)
(0.155 0.030121 0.00444454)
(0.16 0.0301208 0.00444454)
(0.165 0.0301202 0.00444454)
(0.17 0.0301189 0.00444455)
(0.175001 0.0301158 0.00444457)
(0.180003 0.0301091 0.00444463)
(0.185005 0.0300962 0.00444484)
(0.190009 0.0300743 0.00444533)
(0.195013 0.0300427 0.00444621)
(0.200015 0.0300092 0.00444729)
(0 0.035106 0.00476062)
(0.00416804 0.0351543 0.00423034)
(0.00950698 0.035222 0.00437581)
(0.0147463 0.0352594 0.00442186)
(0.0198822 0.0352763 0.00443134)
(0.0249503 0.035283 0.00443331)
(0.0299807 0.0352854 0.00443373)
(0.034993 0.0352862 0.00443381)
(0.0399975 0.0352865 0.00443383)
(0.0449991 0.0352866 0.00443384)
(0.0499997 0.0352866 0.00443384)
(0.0549999 0.0352866 0.00443384)
(0.06 0.0352866 0.00443384)
(0.065 0.0352866 0.00443384)
(0.07 0.0352866 0.00443384)
(0.075 0.0352866 0.00443384)
(0.08 0.0352866 0.00443384)
(0.085 0.0352866 0.00443384)
(0.09 0.0352866 0.00443384)
(0.095 0.0352866 0.00443384)
(0.1 0.0352866 0.00443384)
(0.105 0.0352866 0.00443384)
(0.11 0.0352866 0.00443384)
(0.115 0.0352866 0.00443384)
(0.12 0.0352866 0.00443384)
(0.125 0.0352866 0.00443384)
(0.13 0.0352866 0.00443384)
(0.135 0.0352866 0.00443384)
(0.14 0.0352866 0.00443384)
(0.145 0.0352866 0.00443384)
(0.15 0.0352866 0.00443384)
(0.155 0.0352865 0.00443384)
(0.16 0.0352862 0.00443384)
(0.165 0.0352854 0.00443384)
(0.170001 0.0352834 0.00443384)
(0.175002 0.0352784 0.00443388)
(0.180005 0.035267 0.00443405)
(0.185011 0.0352432 0.00443466)
(0.190021 0.0351992 0.00443646)
(0.195032 0.035127 0.00444036)
(0.200039 0.0350445 0.00444596)
(0 0.0401881 0.00482239)
(0.00419068 0.0403478 0.00423559)
(0.00955691 0.0404518 0.00434563)
(0.0147842 0.0405013 0.00437782)
(0.0199033 0.0405223 0.0043831)
(0.0249603 0.0405304 0.00438383)
(0.029985 0.0405333 0.00438389)
(0.0349947 0.0405342 0.00438388)
(0.0399982 0.0405345 0.00438387)
(0.0449994 0.0405346 0.00438386)
(0.0499998 0.0405346 0.00438386)
(0.0549999 0.0405346 0.00438386)
(0.06 0.0405346 0.00438386)
(0.065 0.0405346 0.00438386)
(0.07 0.0405346 0.00438386)
(0.075 0.0405346 0.00438386)
(0.08 0.0405346 0.00438386)
(0.085 0.0405346 0.00438386)
(0.09 0.0405346 0.00438386)
(0.095 0.0405346 0.00438386)
(0.1 0.0405346 0.00438386)
(0.105 0.0405346 0.00438386)
(0.11 0.0405346 0.00438386)
(0.115 0.0405346 0.00438386)
(0.12 0.0405346 0.00438386)
(0.125 0.0405346 0.00438386)
(0.13 0.0405346 0.00438386)
(0.135 0.0405346 0.00438386)
(0.14 0.0405346 0.00438386)
(0.145 0.0405346 0.00438386)
(0.15 0.0405346 0.00438386)
(0.155 0.0405345 0.00438386)
(0.16 0.0405342 0.00438386)
(0.165 0.0405334 0.00438384)
(0.170001 0.0405311 0.00438382)
(0.175004 0.0405251 0.00438382)
(0.180009 0.0405102 0.00438407)
(0.185022 0.0404752 0.00438564)
(0.190045 0.0404032 0.00439167)
(0.195079 0.0402469 0.00440935)
(0.200114 0.0400347 0.00444084)
(0 0.044995 0.00503851)
(0.00422988 0.0458062 0.00424859)
(0.00966447 0.0458341 0.00424682)
(0.0148544 0.0458501 0.0042408)
(0.0199392 0.0458604 0.00423485)
(0.0249765 0.0458647 0.00423226)
(0.0299917 0.0458662 0.00423132)
(0.0349973 0.0458667 0.004231)
(0.0399992 0.0458668 0.00423092)
(0.0449998 0.0458669 0.0042309)
(0.0499999 0.0458669 0.00423089)
(0.055 0.0458669 0.0042309)
(0.06 0.0458669 0.0042309)
(0.065 0.0458669 0.0042309)
(0.07 0.0458669 0.0042309)
(0.075 0.0458669 0.0042309)
(0.08 0.0458669 0.0042309)
(0.085 0.0458669 0.0042309)
(0.09 0.0458669 0.0042309)
(0.095 0.0458669 0.0042309)
(0.1 0.0458669 0.0042309)
(0.105 0.0458669 0.0042309)
(0.11 0.0458669 0.0042309)
(0.115 0.0458669 0.0042309)
(0.12 0.0458669 0.0042309)
(0.125 0.0458669 0.0042309)
(0.13 0.0458669 0.0042309)
(0.135 0.0458669 0.0042309)
(0.14 0.0458669 0.0042309)
(0.145 0.0458669 0.0042309)
(0.15 0.0458669 0.0042309)
(0.155 0.0458668 0.0042309)
(0.16 0.0458667 0.0042309)
(0.165001 0.0458662 0.00423087)
(0.170002 0.0458649 0.00423081)
(0.175006 0.0458613 0.00423073)
(0.180016 0.0458509 0.00423117)
(0.18504 0.0458206 0.00423539)
(0.190092 0.0457281 0.00425349)
(0.195184 0.0454192 0.00432283)
(0.200388 0.044794 0.00448446)
(0 0.05 0.00565468)
(0.00500433 0.05 0.00501132)
(0.00982842 0.05 0.00481611)
(0.0149044 0.05 0.00475813)
(0.0199631 0.05 0.00474041)
(0.0249874 0.05 0.00473465)
(0.0299963 0.05 0.00473284)
(0.0349991 0.05 0.00473232)
(0.0399998 0.05 0.0047322)
(0.045 0.05 0.00473218)
(0.05 0.05 0.00473219)
(0.055 0.05 0.00473219)
(0.06 0.05 0.00473219)
(0.065 0.05 0.00473219)
(0.07 0.05 0.00473219)
(0.075 0.05 0.00473219)
(0.08 0.05 0.00473219)
(0.085 0.05 0.00473219)
(0.09 0.05 0.00473219)
(0.095 0.05 0.00473219)
(0.1 0.05 0.00473219)
(0.105 0.05 0.00473219)
(0.11 0.05 0.00473219)
(0.115 0.05 0.00473219)
(0.12 0.05 0.00473219)
(0.125 0.05 0.00473219)
(0.13 0.05 0.00473219)
(0.135 0.05 0.00473219)
(0.14 0.05 0.00473219)
(0.145 0.05 0.00473219)
(0.15 0.05 0.00473219)
(0.155 0.05 0.00473219)
(0.16 0.05 0.00473218)
(0.165001 0.05 0.0047321)
(0.170002 0.05 0.00473185)
(0.175007 0.05 0.00473125)
(0.180021 0.05 0.00473032)
(0.18505 0.05 0.004735)
(0.19011 0.05 0.00477451)
(0.195071 0.05 0.00487904)
(0.2 0.05 0.00541768)
(0 0 0.0100671)
(0.00480363 0 0.00990785)
(0.009714 0 0.00983664)
(0.0148485 0 0.00980997)
(0.0199398 0 0.00980148)
(0.024979 0 0.00979887)
(0.0299936 0 0.00979811)
(0.0349983 0 0.0097979)
(0.0399996 0 0.00979785)
(0.0449999 0 0.00979784)
(0.05 0 0.00979784)
(0.055 0 0.00979784)
(0.06 0 0.00979784)
(0.065 0 0.00979784)
(0.07 0 0.00979784)
(0.075 0 0.00979784)
(0.08 0 0.00979784)
(0.085 0 0.00979784)
(0.09 0 0.00979784)
(0.095 0 0.00979784)
(0.1 0 0.00979784)
(0.105 0 0.00979784)
(0.11 0 0.00979784)
(0.115 0 0.00979784)
(0.12 0 0.00979784)
(0.125 0 0.00979784)
(0.13 0 0.00979784)
(0.135 0 0.00979784)
(0.14 0 0.00979784)
(0.145 0 0.00979784)
(0.15 0 0.00979784)
(0.155 0 0.00979784)
(0.16 0 0.00979784)
(0.165 0 0.00979784)
(0.17 0 0.00979784)
(0.175 0 0.00979784)
(0.18 0 0.00979784)
(0.185 0 0.00979784)
(0.19 0 0.00979784)
(0.195 0 0.00979784)
(0.2 0 0.00979784)
(0.205 0 0.00979784)
(0.21 0 0.00979786)
(0.215002 0 0.00979792)
(0.220007 0 0.00979814)
(0.225023 0 0.00979899)
(0.230066 0 0.00980194)
(0.235166 0 0.00981136)
(0.240313 0 0.00984017)
(0.245211 0 0.00991758)
(0.25 0 0.0100671)
(0 0.00480183 0.00991293)
(0.00420874 0.00419693 0.0098009)
(0.00958592 0.00428213 0.00976097)
(0.0148038 0.00430357 0.00974692)
(0.0199135 0.00430318 0.00974202)
(0.0249647 0.00430143 0.00974051)
(0.0299867 0.00430049 0.00974036)
(0.0349953 0.00430011 0.00974032)
(0.0399984 0.00429998 0.0097403)
(0.0449995 0.00429994 0.0097403)
(0.0499998 0.00429992 0.0097403)
(0.0549999 0.00429992 0.0097403)
(0.06 0.00429992 0.0097403)
(0.065 0.00429992 0.0097403)
(0.07 0.00429992 0.0097403)
(0.075 0.00429992 0.0097403)
(0.08 0.00429992 0.0097403)
(0.085 0.00429992 0.0097403)
(0.09 0.00429992 0.0097403)
(0.095 0.00429992 0.0097403)
(0.1 0.00429992 0.0097403)
(0.105 0.00429992 0.0097403)
(0.11 0.00429992 0.0097403)
(0.115 0.00429992 0.0097403)
(0.12 0.00429992 0.0097403)
(0.125 0.00429992 0.0097403)
(0.13 0.00429992 0.0097403)
(0.135 0.00429992 0.0097403)
(0.14 0.00429992 0.0097403)
(0.145 0.00429992 0.0097403)
(0.15 0.00429992 0.0097403)
(0.155 0.00429991 0.0097403)
(0.16 0.0042999 0.0097403)
(0.165 0.00429989 0.0097403)
(0.17 0.00429985 0.0097403)
(0.175 0.00429979 0.00974029)
(0.18 0.0042997 0.00974029)
(0.185 0.00429955 0.00974029)
(0.19 0.00429937 0.00974029)
(0.195 0.00429915 0.00974029)
(0.2 0.00429894 0.00974029)
(0.205001 0.00429878 0.0097403)
(0.210002 0.00429871 0.00974032)
(0.215005 0.00429878 0.00974038)
(0.220014 0.00429917 0.00974058)
(0.225038 0.00430022 0.00974118)
(0.230092 0.0043023 0.00974303)
(0.235206 0.00430337 0.0097492)
(0.240424 0.00428328 0.0097653)
(0.245815 0.00420624 0.00979883)
(0.25 0.00478925 0.00992144)
(0 0.00970162 0.00983877)
(0.00428445 0.00958678 0.00976354)
(0.00952155 0.00952315 0.00972806)
(0.014746 0.00949302 0.00972525)
(0.0198764 0.00947867 0.00972565)
(0.0249443 0.00947216 0.00972643)
(0.0299766 0.00946942 0.00972999)
(0.0349907 0.0094684 0.00973055)
(0.0399965 0.00946805 0.00973065)
(0.0449987 0.00946793 0.00973068)
(0.0499995 0.0094679 0.00973068)
(0.0549998 0.00946789 0.00973069)
(0.0599999 0.00946789 0.00973069)
(0.065 0.00946789 0.00973069)
(0.07 0.00946789 0.00973069)
(0.075 0.00946789 0.00973069)
(0.08 0.00946789 0.00973069)
(0.085 0.00946789 0.00973069)
(0.09 0.00946789 0.00973069)
(0.095 0.00946789 0.00973069)
(0.1 0.00946789 0.00973069)
(0.105 0.00946789 0.00973069)
(0.11 0.00946789 0.00973069)
(0.115 0.00946789 0.00973069)
(0.12 0.00946789 0.00973069)
(0.125 0.00946789 0.00973069)
(0.13 0.00946789 0.00973069)
(0.135 0.00946788 0.00973069)
(0.14 0.00946788 0.00973069)
(0.145 0.00946788 0.00973069)
(0.15 0.00946787 0.00973069)
(0.155 0.00946785 0.00973069)
(0.16 0.00946781 0.00973068)
(0.165 0.00946773 0.00973068)
(0.17 0.00946758 0.00973068)
(0.175 0.0094673 0.00973067)
(0.18 0.00946685 0.00973067)
(0.185 0.00946615 0.00973066)
(0.19 0.00946521 0.00973066)
(0.195001 0.00946412 0.00973067)
(0.200001 0.00946306 0.00973068)
(0.205002 0.00946226 0.00973069)
(0.210004 0.00946184 0.0097307)
(0.21501 0.00946197 0.00973071)
(0.220025 0.00946305 0.00973066)
(0.225059 0.00946614 0.00973025)
(0.230129 0.00947359 0.00972735)
(0.235261 0.0094895 0.00972941)
(0.240487 0.00952209 0.00974577)
(0.245721 0.00958506 0.00977004)
(0.25 0.00971079 0.00985782)
(0 0.0148442 0.00981173)
(0.00430369 0.014805 0.00974859)
(0.00948968 0.014754 0.00972587)
(0.0147069 0.0147194 0.00972986)
(0.0198487 0.0147031 0.00973316)
(0.0249283 0.014696 0.0097345)
(0.0299684 0.0146932 0.00973544)
(0.0349869 0.0146921 0.00973572)
(0.0399948 0.0146917 0.00973579)
(0.044998 0.0146916 0.00973582)
(0.0499992 0.0146915 0.00973582)
(0.0549997 0.0146915 0.00973582)
(0.0599999 0.0146915 0.00973582)
(0.065 0.0146915 0.00973582)
(0.07 0.0146915 0.00973582)
(0.075 0.0146915 0.00973582)
(0.08 0.0146915 0.00973582)
(0.085 0.0146915 0.00973582)
(0.09 0.0146915 0.00973582)
(0.095 0.0146915 0.00973582)
(0.1 0.0146915 0.00973582)
(0.105 0.0146915 0.00973582)
(0.11 0.0146915 0.00973582)
(0.115 0.0146915 0.00973582)
(0.12 0.0146915 0.00973582)
(0.125 0.0146915 0.00973582)
(0.13 0.0146915 0.00973582)
(0.135 0.0146915 0.00973582)
(0.14 0.0146915 0.00973582)
(0.145 0.0146915 0.00973582)
(0.15 0.0146915 0.00973582)
(0.155 0.0146914 0.00973582)
(0.16 0.0146913 0.00973582)
(0.165 0.0146911 0.00973582)
(0.17 0.0146907 0.00973582)
(0.175 0.01469 0.00973582)
(0.180001 0.0146887 0.00973582)
(0.185001 0.0146868 0.00973583)
(0.190001 0.014684 0.00973584)
(0.195002 0.0146807 0.00973586)
(0.200003 0.0146776 0.00973588)
(0.205004 0.0146752 0.0097359)
(0.210007 0.0146738 0.00973592)
(0.215015 0.0146736 0.00973593)
(0.220034 0.0146747 0.00973589)
(0.225076 0.0146783 0.00973568)
(0.230158 0.0146871 0.00973506)
(0.235301 0.0147064 0.00973578)
(0.240518 0.0147468 0.00974837)
(0.245699 0.014806 0.00975811)
(0.25 0.0148504 0.00983524)
(0 0.0199446 0.00980277)
(0.00430294 0.0199259 0.00974321)
(0.00947514 0.0199006 0.00972603)
(0.0146892 0.0198819 0.00973318)
(0.0198355 0.0198727 0.00973771)
(0.0249204 0.0198687 0.00973935)
(0.0299643 0.0198671 0.00973994)
(0.0349849 0.0198665 0.00974013)
(0.0399939 0.0198662 0.00974018)
(0.0449976 0.0198662 0.0097402)
(0.0499991 0.0198661 0.0097402)
(0.0549997 0.0198661 0.00974021)
(0.0599999 0.0198661 0.00974021)
(0.065 0.0198661 0.00974021)
(0.07 0.0198661 0.00974021)
(0.075 0.0198661 0.00974021)
(0.08 0.0198661 0.00974021)
(0.085 0.0198661 0.00974021)
(0.09 0.0198661 0.00974021)
(0.095 0.0198661 0.00974021)
(0.1 0.0198661 0.00974021)
(0.105 0.0198661 0.00974021)
(0.11 0.0198661 0.00974021)
(0.115 0.0198661 0.00974021)
(0.12 0.0198661 0.00974021)
(0.125 0.0198661 0.00974021)
(0.13 0.0198661 0.00974021)
(0.135 0.0198661 0.00974021)
(0.14 0.0198661 0.00974021)
(0.145 0.0198661 0.00974021)
(0.15 0.0198661 0.00974021)
(0.155 0.019866 0.00974021)
(0.16 0.0198658 0.00974021)
(0.165 0.0198654 0.00974021)
(0.17 0.0198646 0.00974021)
(0.175001 0.0198631 0.00974021)
(0.180001 0.0198603 0.00974022)
(0.185002 0.0198558 0.00974025)
(0.190003 0.0198492 0.00974029)
(0.195005 0.0198411 0.00974034)
(0.200006 0.0198332 0.0097404)
(0.205006 0.0198274 0.00974044)
(0.210009 0.0198242 0.00974047)
(0.215018 0.0198231 0.00974049)
(0.220039 0.0198238 0.00974046)
(0.225085 0.0198267 0.00974028)
(0.230172 0.0198335 0.00973978)
(0.23532 0.0198481 0.00973972)
(0.240533 0.019877 0.00974991)
(0.2457 0.0199155 0.0097547)
(0.25 0.0199415 0.00982824)
(0 0.0250016 0.00980051)
(0.00430194 0.0250021 0.00974179)
(0.00947104 0.0250035 0.00972596)
(0.0146843 0.0250046 0.00973408)
(0.0198318 0.0250052 0.00973898)
(0.0249181 0.0250056 0.00974072)
(0.029963 0.0250057 0.00974126)
(0.0349843 0.0250058 0.00974142)
(0.0399936 0.0250058 0.00974146)
(0.0449975 0.0250059 0.00974148)
(0.049999 0.0250059 0.00974148)
(0.0549996 0.0250059 0.00974148)
(0.0599999 0.0250059 0.00974148)
(0.0649999 0.0250059 0.00974148)
(0.07 0.0250059 0.00974148)
(0.075 0.0250059 0.00974148)
(0.08 0.0250059 0.00974148)
(0.085 0.0250059 0.00974148)
(0.09 0.0250059 0.00974148)
(0.095 0.0250059 0.00974148)
(0.1 0.0250059 0.00974148)
(0.105 0.0250059 0.00974148)
(0.11 0.0250059 0.00974148)
(0.115 0.0250059 0.00974148)
(0.12 0.0250059 0.00974148)
(0.125 0.0250059 0.00974148)
(0.13 0.0250059 0.00974148)
(0.135 0.0250059 0.00974148)
(0.14 0.0250059 0.00974148)
(0.145 0.0250058 0.00974148)
(0.15 0.0250058 0.00974148)
(0.155 0.0250057 0.00974148)
(0.16 0.0250054 0.00974148)
(0.165 0.0250047 0.00974149)
(0.170001 0.0250033 0.00974149)
(0.175001 0.0250004 0.0097415)
(0.180003 0.0249949 0.00974154)
(0.185005 0.0249854 0.00974161)
(0.190008 0.0249708 0.00974175)
(0.195011 0.0249518 0.00974195)
(0.200013 0.024933 0.00974215)
(0.205012 0.0249204 0.00974222)
(0.210013 0.0249141 0.00974224)
(0.215021 0.024912 0.00974226)
(0.220043 0.0249122 0.00974224)
(0.22509 0.0249142 0.00974206)
(0.230179 0.0249187 0.0097415)
(0.235329 0.0249277 0.00974111)
(0.24054 0.0249446 0.00975041)
(0.245701 0.0249659 0.00975362)
(0.25 0.0249799 0.00982612)
(0 0.0300598 0.00980246)
(0.00430297 0.0300791 0.00974309)
(0.00947541 0.030107 0.00972587)
(0.0146894 0.0301278 0.00973377)
(0.0198356 0.0301381 0.00973846)
(0.0249205 0.0301427 0.00974008)
(0.0299643 0.0301447 0.00974056)
(0.0349849 0.0301454 0.0097407)
(0.0399939 0.0301457 0.00974074)
(0.0449976 0.0301458 0.00974075)
(0.0499991 0.0301459 0.00974075)
(0.0549997 0.0301459 0.00974075)
(0.0599999 0.0301459 0.00974075)
(0.065 0.0301459 0.00974075)
(0.07 0.0301459 0.00974075)
(0.075 0.0301459 0.00974075)
(0.08 0.0301459 0.00974075)
(0.085 0.0301459 0.00974075)
(0.09 0.0301459 0.00974075)
(0.095 0.0301459 0.00974075)
(0.1 0.0301459 0.00974075)
(0.105 0.0301459 0.00974075)
(0.11 0.0301459 0.00974075)
(0.115 0.0301459 0.00974075)
(0.12 0.0301459 0.00974075)
(0.125 0.0301459 0.00974075)
(0.13 0.0301459 0.00974075)
(0.135 0.0301459 0.00974075)
(0.14 0.0301459 0.00974075)
(0.145 0.0301459 0.00974075)
(0.15 0.0301458 0.00974075)
(0.155 0.0301456 0.00974075)
(0.16 0.0301452 0.00974075)
(0.165001 0.0301442 0.00974076)
(0.170001 0.030142 0.00974077)
(0.175003 0.0301372 0.0097408)
(0.180006 0.0301276 0.00974089)
(0.185012 0.0301094 0.00974113)
(0.190019 0.0300791 0.0097416)
(0.195028 0.0300363 0.00974226)
(0.200033 0.0299927 0.009743)
(0 0.0351641 0.00981144)
(0.00430362 0.035202 0.00974871)
(0.00949007 0.0352544 0.00972711)
(0.0147072 0.0352906 0.00973325)
(0.0198489 0.0353076 0.00973686)
(0.0249284 0.0353152 0.00973804)
(0.0299684 0.0353183 0.00973835)
(0.0349869 0.0353195 0.00973843)
(0.0399948 0.03532 0.00973845)
(0.044998 0.0353201 0.00973846)
(0.0499992 0.0353202 0.00973846)
(0.0549997 0.0353202 0.00973846)
(0.0599999 0.0353202 0.00973846)
(0.065 0.0353202 0.00973846)
(0.07 0.0353202 0.00973846)
(0.075 0.0353202 0.00973846)
(0.08 0.0353202 0.00973846)
(0.085 0.0353202 0.00973846)
(0.09 0.0353202 0.00973846)
(0.095 0.0353202 0.00973846)
(0.1 0.0353202 0.00973846)
(0.105 0.0353202 0.00973846)
(0.11 0.0353202 0.00973846)
(0.115 0.0353202 0.00973846)
(0.12 0.0353202 0.00973846)
(0.125 0.0353202 0.00973846)
(0.13 0.0353202 0.00973846)
(0.135 0.0353202 0.00973846)
(0.14 0.0353202 0.00973846)
(0.145 0.0353202 0.00973846)
(0.15 0.0353201 0.00973846)
(0.155 0.0353199 0.00973846)
(0.16 0.0353194 0.00973846)
(0.165001 0.0353183 0.00973847)
(0.170002 0.0353154 0.00973848)
(0.175006 0.0353088 0.00973855)
(0.180012 0.0352942 0.00973879)
(0.185025 0.035264 0.00973949)
(0.190045 0.0352063 0.00974105)
(0.19507 0.0351123 0.00974298)
(0.200088 0.0350095 0.00974574)
(0 0.0403121 0.00983967)
(0.00428313 0.0404226 0.0097638)
(0.00952208 0.0404865 0.00974153)
(0.0147468 0.0405164 0.00974222)
(0.0198771 0.0405308 0.00974273)
(0.0249447 0.0405374 0.00974273)
(0.0299768 0.0405402 0.00974267)
(0.0349908 0.0405412 0.00974264)
(0.0399965 0.0405416 0.00974262)
(0.0449987 0.0405418 0.00974262)
(0.0499995 0.0405418 0.00974262)
(0.0549998 0.0405418 0.00974262)
(0.0599999 0.0405418 0.00974262)
(0.065 0.0405418 0.00974262)
(0.07 0.0405418 0.00974262)
(0.075 0.0405418 0.00974262)
(0.08 0.0405418 0.00974262)
(0.085 0.0405418 0.00974262)
(0.09 0.0405418 0.00974262)
(0.095 0.0405418 0.00974262)
(0.1 0.0405418 0.00974262)
(0.105 0.0405418 0.00974262)
(0.11 0.0405418 0.00974262)
(0.115 0.0405418 0.00974262)
(0.12 0.0405418 0.00974262)
(0.125 0.0405418 0.00974262)
(0.13 0.0405418 0.00974262)
(0.135 0.0405418 0.00974262)
(0.14 0.0405418 0.00974262)
(0.145 0.0405418 0.00974262)
(0.15 0.0405418 0.00974262)
(0.155 0.0405416 0.00974262)
(0.16 0.0405412 0.00974262)
(0.165001 0.0405402 0.00974263)
(0.170004 0.0405377 0.00974265)
(0.17501 0.0405312 0.00974278)
(0.180023 0.0405152 0.00974333)
(0.18505 0.0404755 0.00974535)
(0.1901 0.0403798 0.00975067)
(0.195174 0.0401761 0.00975362)
(0.200256 0.0399108 0.00976345)
(0 0.0452087 0.00991598)
(0.00420509 0.0458149 0.00979646)
(0.00958368 0.045722 0.00975896)
(0.0148054 0.0456997 0.00974457)
(0.0199153 0.0456998 0.00973947)
(0.0249658 0.0457016 0.00973773)
(0.0299873 0.0457025 0.00973718)
(0.0349956 0.045703 0.00973702)
(0.0399985 0.0457031 0.00973697)
(0.0449995 0.0457032 0.00973696)
(0.0499998 0.0457032 0.00973696)
(0.0549999 0.0457032 0.00973696)
(0.06 0.0457032 0.00973696)
(0.065 0.0457032 0.00973696)
(0.07 0.0457032 0.00973696)
(0.075 0.0457032 0.00973696)
(0.08 0.0457032 0.00973696)
(0.085 0.0457032 0.00973696)
(0.09 0.0457032 0.00973696)
(0.095 0.0457032 0.00973696)
(0.1 0.0457032 0.00973696)
(0.105 0.0457032 0.00973696)
(0.11 0.0457032 0.00973696)
(0.115 0.0457032 0.00973696)
(0.12 0.0457032 0.00973696)
(0.125 0.0457032 0.00973696)
(0.13 0.0457032 0.00973696)
(0.135 0.0457032 0.00973696)
(0.14 0.0457032 0.00973696)
(0.145 0.0457032 0.00973696)
(0.15 0.0457032 0.00973696)
(0.155 0.0457031 0.00973696)
(0.16 0.045703 0.00973696)
(0.165002 0.0457026 0.00973695)
(0.170005 0.0457016 0.00973697)
(0.175013 0.0456988 0.00973719)
(0.180034 0.0456905 0.00973837)
(0.185081 0.0456627 0.00974375)
(0.190174 0.0455538 0.00976404)
(0.195343 0.0451916 0.0097999)
(0.200708 0.044454 0.00985995)
(0 0.05 0.0100671)
(0.00478695 0.05 0.00991504)
(0.0097083 0.05 0.0098445)
(0.0148495 0.05 0.00981865)
(0.0199412 0.05 0.00981036)
(0.0249799 0.05 0.00980777)
(0.0299941 0.05 0.00980701)
(0.0349985 0.05 0.0098068)
(0.0399997 0.05 0.00980676)
(0.045 0.05 0.00980675)
(0.05 0.05 0.00980675)
(0.055 0.05 0.00980675)
(0.06 0.05 0.00980675)
(0.065 0.05 0.00980675)
(0.07 0.05 0.00980675)
(0.075 0.05 0.00980675)
(0.08 0.05 0.00980675)
(0.085 0.05 0.00980675)
(0.09 0.05 0.00980675)
(0.095 0.05 0.00980675)
(0.1 0.05 0.00980675)
(0.105 0.05 0.00980675)
(0.11 0.05 0.00980675)
(0.115 0.05 0.00980675)
(0.12 0.05 0.00980675)
(0.125 0.05 0.00980675)
(0.13 0.05 0.00980675)
(0.135 0.05 0.00980675)
(0.14 0.05 0.00980675)
(0.145 0.05 0.00980675)
(0.15 0.05 0.00980675)
(0.155 0.05 0.00980675)
(0.16 0.05 0.00980674)
(0.165001 0.05 0.00980673)
(0.170004 0.05 0.00980671)
(0.175012 0.05 0.0098068)
(0.180035 0.05 0.00980763)
(0.185089 0.05 0.00981216)
(0.190171 0.05 0.00982904)
(0.195079 0.05 0.00988355)
(0.2 0.05 0.0100378)
(0 0 0.0149329)
(0.00481567 0 0.015086)
(0.00970972 0 0.0151608)
(0.0148463 0 0.0151882)
(0.019939 0 0.0151975)
(0.0249787 0 0.0152007)
(0.0299935 0 0.0152017)
(0.0349983 0 0.0152021)
(0.0399996 0 0.0152021)
(0.0449999 0 0.0152022)
(0.05 0 0.0152022)
(0.055 0 0.0152022)
(0.06 0 0.0152022)
(0.065 0 0.0152022)
(0.07 0 0.0152022)
(0.075 0 0.0152022)
(0.08 0 0.0152022)
(0.085 0 0.0152022)
(0.09 0 0.0152022)
(0.095 0 0.0152022)
(0.1 0 0.0152022)
(0.105 0 0.0152022)
(0.11 0 0.0152022)
(0.115 0 0.0152022)
(0.12 0 0.0152022)
(0.125 0 0.0152022)
(0.13 0 0.0152022)
(0.135 0 0.0152022)
(0.14 0 0.0152022)
(0.145 0 0.0152022)
(0.15 0 0.0152022)
(0.155 0 0.0152022)
(0.16 0 0.0152022)
(0.165 0 0.0152022)
(0.17 0 0.0152022)
(0.175 0 0.0152022)
(0.18 0 0.0152022)
(0.185 0 0.0152022)
(0.19 0 0.0152022)
(0.195 0 0.0152022)
(0.2 0 0.0152022)
(0.205 0 0.0152022)
(0.21 0 0.0152022)
(0.215002 0 0.0152021)
(0.220007 0 0.0152018)
(0.225023 0 0.0152008)
(0.230066 0 0.0151976)
(0.235165 0 0.0151883)
(0.240312 0 0.0151606)
(0.245211 0 0.0150867)
(0.25 0 0.0149329)
(0 0.004792 0.0150952)
(0.00420404 0.00420274 0.0151998)
(0.00959096 0.00428239 0.0152364)
(0.0148034 0.00430353 0.0152513)
(0.019913 0.00430314 0.015257)
(0.0249645 0.0043014 0.015259)
(0.0299866 0.00430047 0.0152595)
(0.0349953 0.0043001 0.0152596)
(0.0399984 0.00429997 0.0152597)
(0.0449995 0.00429993 0.0152597)
(0.0499998 0.00429992 0.0152597)
(0.0549999 0.00429992 0.0152597)
(0.06 0.00429992 0.0152597)
(0.065 0.00429992 0.0152597)
(0.07 0.00429992 0.0152597)
(0.075 0.00429992 0.0152597)
(0.08 0.00429992 0.0152597)
(0.085 0.00429992 0.0152597)
(0.09 0.00429992 0.0152597)
(0.095 0.00429992 0.0152597)
(0.1 0.00429992 0.0152597)
(0.105 0.00429992 0.0152597)
(0.11 0.00429992 0.0152597)
(0.115 0.00429992 0.0152597)
(0.12 0.00429992 0.0152597)
(0.125 0.00429992 0.0152597)
(0.13 0.00429992 0.0152597)
(0.135 0.00429992 0.0152597)
(0.14 0.00429992 0.0152597)
(0.145 0.00429992 0.0152597)
(0.15 0.00429992 0.0152597)
(0.155 0.00429991 0.0152597)
(0.16 0.0042999 0.0152597)
(0.165 0.00429989 0.0152597)
(0.17 0.00429985 0.0152597)
(0.175 0.00429979 0.0152597)
(0.18 0.0042997 0.0152597)
(0.185 0.00429955 0.0152597)
(0.19 0.00429937 0.0152597)
(0.195 0.00429915 0.0152597)
(0.2 0.00429894 0.0152597)
(0.205001 0.00429878 0.0152597)
(0.210002 0.00429871 0.0152597)
(0.215005 0.00429879 0.0152597)
(0.220014 0.00429918 0.0152595)
(0.225038 0.0043002 0.0152588)
(0.230092 0.00430218 0.0152571)
(0.235205 0.00430307 0.0152517)
(0.240422 0.00428305 0.0152378)
(0.245814 0.0042077 0.0152006)
(0.25 0.00479767 0.0150953)
(0 0.00970713 0.0151651)
(0.00428455 0.00958228 0.0152401)
(0.00952347 0.00952151 0.0152723)
(0.0147466 0.00949237 0.0152742)
(0.0198765 0.00947839 0.0152739)
(0.0249442 0.00947204 0.0152733)
(0.0299765 0.00946937 0.0152699)
(0.0349907 0.00946838 0.0152694)
(0.0399965 0.00946804 0.0152693)
(0.0449987 0.00946793 0.0152693)
(0.0499995 0.0094679 0.0152693)
(0.0549998 0.00946789 0.0152693)
(0.0599999 0.00946789 0.0152693)
(0.065 0.00946789 0.0152693)
(0.07 0.00946789 0.0152693)
(0.075 0.00946789 0.0152693)
(0.08 0.00946789 0.0152693)
(0.085 0.00946789 0.0152693)
(0.09 0.00946789 0.0152693)
(0.095 0.00946789 0.0152693)
(0.1 0.00946789 0.0152693)
(0.105 0.00946789 0.0152693)
(0.11 0.00946789 0.0152693)
(0.115 0.00946789 0.0152693)
(0.12 0.00946789 0.0152693)
(0.125 0.00946789 0.0152693)
(0.13 0.00946789 0.0152693)
(0.135 0.00946788 0.0152693)
(0.14 0.00946788 0.0152693)
(0.145 0.00946788 0.0152693)
(0.15 0.00946787 0.0152693)
(0.155 0.00946785 0.0152693)
(0.16 0.00946781 0.0152693)
(0.165 0.00946773 0.0152693)
(0.17 0.00946758 0.0152693)
(0.175 0.0094673 0.0152693)
(0.18 0.00946685 0.0152693)
(0.185 0.00946615 0.0152693)
(0.19 0.00946521 0.0152693)
(0.195001 0.00946412 0.0152693)
(0.200001 0.00946306 0.0152693)
(0.205002 0.00946226 0.0152693)
(0.210004 0.00946184 0.0152694)
(0.21501 0.00946195 0.0152694)
(0.220025 0.00946298 0.0152696)
(0.225059 0.00946597 0.0152703)
(0.230128 0.00947325 0.0152739)
(0.23526 0.00948896 0.0152741)
(0.240484 0.00952161 0.0152636)
(0.24572 0.00958539 0.0152498)
(0.25 0.00971525 0.0151775)
(0 0.0148468 0.0151908)
(0.00430382 0.0148056 0.0152537)
(0.00949044 0.0147536 0.015275)
(0.0147072 0.0147192 0.0152702)
(0.0198487 0.014703 0.0152668)
(0.0249283 0.014696 0.0152654)
(0.0299684 0.0146931 0.0152645)
(0.0349869 0.0146921 0.0152643)
(0.0399948 0.0146917 0.0152642)
(0.044998 0.0146916 0.0152642)
(0.0499992 0.0146915 0.0152642)
(0.0549997 0.0146915 0.0152642)
(0.0599999 0.0146915 0.0152642)
(0.065 0.0146915 0.0152642)
(0.07 0.0146915 0.0152642)
(0.075 0.0146915 0.0152642)
(0.08 0.0146915 0.0152642)
(0.085 0.0146915 0.0152642)
(0.09 0.0146915 0.0152642)
(0.095 0.0146915 0.0152642)
(0.1 0.0146915 0.0152642)
(0.105 0.0146915 0.0152642)
(0.11 0.0146915 0.0152642)
(0.115 0.0146915 0.0152642)
(0.12 0.0146915 0.0152642)
(0.125 0.0146915 0.0152642)
(0.13 0.0146915 0.0152642)
(0.135 0.0146915 0.0152642)
(0.14 0.0146915 0.0152642)
(0.145 0.0146915 0.0152642)
(0.15 0.0146915 0.0152642)
(0.155 0.0146914 0.0152642)
(0.16 0.0146913 0.0152642)
(0.165 0.0146911 0.0152642)
(0.17 0.0146907 0.0152642)
(0.175 0.01469 0.0152642)
(0.180001 0.0146887 0.0152642)
(0.185001 0.0146868 0.0152642)
(0.190001 0.014684 0.0152642)
(0.195002 0.0146807 0.0152642)
(0.200002 0.0146776 0.0152641)
(0.205004 0.0146752 0.0152642)
(0.210007 0.0146738 0.0152642)
(0.215015 0.0146735 0.0152643)
(0.220033 0.0146746 0.0152645)
(0.225074 0.0146782 0.0152652)
(0.230155 0.0146867 0.015267)
(0.235296 0.014706 0.0152693)
(0.240514 0.0147466 0.015265)
(0.245699 0.0148058 0.0152661)
(0.25 0.0148517 0.0152077)
(0 0.0199456 0.0151985)
(0.00430301 0.0199265 0.015258)
(0.00947545 0.0199006 0.0152746)
(0.0146893 0.0198818 0.015267)
(0.0198355 0.0198727 0.0152623)
(0.0249204 0.0198687 0.0152606)
(0.0299642 0.0198671 0.01526)
(0.0349849 0.0198664 0.0152599)
(0.0399939 0.0198662 0.0152598)
(0.0449976 0.0198662 0.0152598)
(0.0499991 0.0198661 0.0152598)
(0.0549997 0.0198661 0.0152598)
(0.0599999 0.0198661 0.0152598)
(0.065 0.0198661 0.0152598)
(0.07 0.0198661 0.0152598)
(0.075 0.0198661 0.0152598)
(0.08 0.0198661 0.0152598)
(0.085 0.0198661 0.0152598)
(0.09 0.0198661 0.0152598)
(0.095 0.0198661 0.0152598)
(0.1 0.0198661 0.0152598)
(0.105 0.0198661 0.0152598)
(0.11 0.0198661 0.0152598)
(0.115 0.0198661 0.0152598)
(0.12 0.0198661 0.0152598)
(0.125 0.0198661 0.0152598)
(0.13 0.0198661 0.0152598)
(0.135 0.0198661 0.0152598)
(0.14 0.0198661 0.0152598)
(0.145 0.0198661 0.0152598)
(0.15 0.0198661 0.0152598)
(0.155 0.019866 0.0152598)
(0.16 0.0198658 0.0152598)
(0.165 0.0198654 0.0152598)
(0.17 0.0198646 0.0152598)
(0.175001 0.0198631 0.0152598)
(0.180001 0.0198603 0.0152598)
(0.185002 0.0198558 0.0152598)
(0.190003 0.0198492 0.0152597)
(0.195005 0.0198411 0.0152597)
(0.200005 0.0198332 0.0152596)
(0.205006 0.0198274 0.0152596)
(0.210009 0.0198242 0.0152597)
(0.215018 0.0198231 0.0152598)
(0.220038 0.0198237 0.0152601)
(0.225083 0.0198266 0.0152608)
(0.230168 0.0198333 0.0152626)
(0.235314 0.0198479 0.0152661)
(0.240528 0.0198769 0.0152658)
(0.245701 0.0199155 0.0152752)
(0.25 0.0199419 0.0152175)
(0 0.0250019 0.0152)
(0.00430198 0.0250024 0.0152588)
(0.00947117 0.0250035 0.0152744)
(0.0146843 0.0250047 0.0152661)
(0.0198318 0.0250052 0.0152611)
(0.0249181 0.0250056 0.0152593)
(0.029963 0.0250057 0.0152587)
(0.0349843 0.0250058 0.0152586)
(0.0399936 0.0250058 0.0152585)
(0.0449975 0.0250059 0.0152585)
(0.049999 0.0250059 0.0152585)
(0.0549996 0.0250059 0.0152585)
(0.0599999 0.0250059 0.0152585)
(0.0649999 0.0250059 0.0152585)
(0.07 0.0250059 0.0152585)
(0.075 0.0250059 0.0152585)
(0.08 0.0250059 0.0152585)
(0.085 0.0250059 0.0152585)
(0.09 0.0250059 0.0152585)
(0.095 0.0250059 0.0152585)
(0.1 0.0250059 0.0152585)
(0.105 0.0250059 0.0152585)
(0.11 0.0250059 0.0152585)
(0.115 0.0250059 0.0152585)
(0.12 0.0250059 0.0152585)
(0.125 0.0250059 0.0152585)
(0.13 0.0250059 0.0152585)
(0.135 0.0250059 0.0152585)
(0.14 0.0250059 0.0152585)
(0.145 0.0250058 0.0152585)
(0.15 0.0250058 0.0152585)
(0.155 0.0250057 0.0152585)
(0.16 0.0250054 0.0152585)
(0.165 0.0250047 0.0152585)
(0.170001 0.0250033 0.0152585)
(0.175001 0.0250004 0.0152585)
(0.180003 0.0249949 0.0152585)
(0.185005 0.0249854 0.0152584)
(0.190008 0.0249708 0.0152583)
(0.195011 0.0249518 0.0152581)
(0.200013 0.024933 0.0152579)
(0.205012 0.0249204 0.0152579)
(0.210013 0.0249141 0.015258)
(0.21502 0.024912 0.0152581)
(0.220041 0.0249122 0.0152584)
(0.225087 0.0249142 0.0152592)
(0.230175 0.0249187 0.0152611)
(0.235322 0.0249276 0.0152651)
(0.240535 0.0249446 0.0152663)
(0.245704 0.0249659 0.0152778)
(0.25 0.0249801 0.0152206)
(0 0.0300599 0.0151977)
(0.00430299 0.0300792 0.0152571)
(0.00947546 0.030107 0.0152743)
(0.0146894 0.0301279 0.0152663)
(0.0198357 0.0301381 0.0152616)
(0.0249205 0.0301427 0.0152599)
(0.0299643 0.0301447 0.0152594)
(0.0349849 0.0301454 0.0152593)
(0.0399939 0.0301457 0.0152593)
(0.0449976 0.0301458 0.0152593)
(0.0499991 0.0301459 0.0152593)
(0.0549997 0.0301459 0.0152592)
(0.0599999 0.0301459 0.0152592)
(0.065 0.0301459 0.0152592)
(0.07 0.0301459 0.0152592)
(0.075 0.0301459 0.0152592)
(0.08 0.0301459 0.0152592)
(0.085 0.0301459 0.0152592)
(0.09 0.0301459 0.0152592)
(0.095 0.0301459 0.0152592)
(0.1 0.0301459 0.0152592)
(0.105 0.0301459 0.0152592)
(0.11 0.0301459 0.0152592)
(0.115 0.0301459 0.0152592)
(0.12 0.0301459 0.0152592)
(0.125 0.0301459 0.0152592)
(0.13 0.0301459 0.0152592)
(0.135 0.0301459 0.0152592)
(0.14 0.0301459 0.0152592)
(0.145 0.0301459 0.0152592)
(0.15 0.0301458 0.0152592)
(0.155 0.0301456 0.0152592)
(0.16 0.0301452 0.0152592)
(0.165001 0.0301442 0.0152592)
(0.170001 0.030142 0.0152592)
(0.175003 0.0301372 0.0152592)
(0.180006 0.0301276 0.0152591)
(0.185012 0.0301094 0.0152589)
(0.190019 0.0300791 0.0152584)
(0.195028 0.0300363 0.0152578)
(0.200033 0.0299927 0.015257)
(0 0.0351642 0.0151886)
(0.00430363 0.035202 0.0152514)
(0.00949009 0.0352544 0.015273)
(0.0147072 0.0352906 0.0152668)
(0.0198489 0.0353076 0.0152632)
(0.0249284 0.0353152 0.015262)
(0.0299684 0.0353183 0.0152616)
(0.0349869 0.0353195 0.0152616)
(0.0399948 0.03532 0.0152615)
(0.044998 0.0353201 0.0152615)
(0.0499992 0.0353202 0.0152615)
(0.0549997 0.0353202 0.0152615)
(0.0599999 0.0353202 0.0152615)
(0.065 0.0353202 0.0152615)
(0.07 0.0353202 0.0152615)
(0.075 0.0353202 0.0152615)
(0.08 0.0353202 0.0152615)
(0.085 0.0353202 0.0152615)
(0.09 0.0353202 0.0152615)
(0.095 0.0353202 0.0152615)
(0.1 0.0353202 0.0152615)
(0.105 0.0353202 0.0152615)
(0.11 0.0353202 0.0152615)
(0.115 0.0353202 0.0152615)
(0.12 0.0353202 0.0152615)
(0.125 0.0353202 0.0152615)
(0.13 0.0353202 0.0152615)
(0.135 0.0353202 0.0152615)
(0.14 0.0353202 0.0152615)
(0.145 0.0353202 0.0152615)
(0.15 0.0353201 0.0152615)
(0.155 0.0353199 0.0152615)
(0.16 0.0353194 0.0152615)
(0.165001 0.0353183 0.0152615)
(0.170002 0.0353154 0.0152615)
(0.175006 0.0353088 0.0152614)
(0.180012 0.0352942 0.0152612)
(0.185025 0.035264 0.0152605)
(0.190045 0.0352063 0.015259)
(0.19507 0.0351123 0.015257)
(0.200088 0.0350095 0.0152543)
(0 0.0403121 0.0151603)
(0.00428314 0.0404226 0.0152362)
(0.00952209 0.0404865 0.0152585)
(0.0147468 0.0405164 0.0152578)
(0.0198771 0.0405308 0.0152573)
(0.0249447 0.0405374 0.0152573)
(0.0299768 0.0405402 0.0152573)
(0.0349908 0.0405412 0.0152574)
(0.0399965 0.0405416 0.0152574)
(0.0449987 0.0405418 0.0152574)
(0.0499995 0.0405418 0.0152574)
(0.0549998 0.0405418 0.0152574)
(0.0599999 0.0405418 0.0152574)
(0.065 0.0405418 0.0152574)
(0.07 0.0405418 0.0152574)
(0.075 0.0405418 0.0152574)
(0.08 0.0405418 0.0152574)
(0.085 0.0405418 0.0152574)
(0.09 0.0405418 0.0152574)
(0.095 0.0405418 0.0152574)
(0.1 0.0405418 0.0152574)
(0.105 0.0405418 0.0152574)
(0.11 0.0405418 0.0152574)
(0.115 0.0405418 0.0152574)
(0.12 0.0405418 0.0152574)
(0.125 0.0405418 0.0152574)
(0.13 0.0405418 0.0152574)
(0.135 0.0405418 0.0152574)
(0.14 0.0405418 0.0152574)
(0.145 0.0405418 0.0152574)
(0.15 0.0405418 0.0152574)
(0.155 0.0405416 0.0152574)
(0.16 0.0405412 0.0152574)
(0.165001 0.0405402 0.0152574)
(0.170004 0.0405377 0.0152573)
(0.17501 0.0405312 0.0152572)
(0.180023 0.0405152 0.0152567)
(0.18505 0.0404755 0.0152546)
(0.1901 0.0403798 0.0152493)
(0.195174 0.0401761 0.0152464)
(0.200256 0.0399108 0.0152366)
(0 0.0452087 0.015084)
(0.0042051 0.0458149 0.0152035)
(0.00958368 0.045722 0.015241)
(0.0148054 0.0456997 0.0152554)
(0.0199153 0.0456998 0.0152605)
(0.0249658 0.0457016 0.0152623)
(0.0299873 0.0457025 0.0152628)
(0.0349956 0.045703 0.015263)
(0.0399985 0.0457031 0.015263)
(0.0449995 0.0457032 0.015263)
(0.0499998 0.0457032 0.015263)
(0.0549999 0.0457032 0.015263)
(0.06 0.0457032 0.015263)
(0.065 0.0457032 0.015263)
(0.07 0.0457032 0.015263)
(0.075 0.0457032 0.015263)
(0.08 0.0457032 0.015263)
(0.085 0.0457032 0.015263)
(0.09 0.0457032 0.015263)
(0.095 0.0457032 0.015263)
(0.1 0.0457032 0.015263)
(0.105 0.0457032 0.015263)
(0.11 0.0457032 0.015263)
(0.115 0.0457032 0.015263)
(0.12 0.0457032 0.015263)
(0.125 0.0457032 0.015263)
(0.13 0.0457032 0.015263)
(0.135 0.0457032 0.015263)
(0.14 0.0457032 0.015263)
(0.145 0.0457032 0.015263)
(0.15 0.0457032 0.015263)
(0.155 0.0457031 0.015263)
(0.16 0.045703 0.015263)
(0.165002 0.0457026 0.015263)
(0.170005 0.0457016 0.015263)
(0.175013 0.0456988 0.0152628)
(0.180034 0.0456905 0.0152616)
(0.185081 0.0456627 0.0152562)
(0.190174 0.0455538 0.015236)
(0.195343 0.0451916 0.0152001)
(0.200708 0.044454 0.0151401)
(0 0.05 0.0149329)
(0.00478695 0.05 0.015085)
(0.0097083 0.05 0.0151555)
(0.0148495 0.05 0.0151814)
(0.0199412 0.05 0.0151896)
(0.0249799 0.05 0.0151922)
(0.0299941 0.05 0.015193)
(0.0349985 0.05 0.0151932)
(0.0399997 0.05 0.0151932)
(0.045 0.05 0.0151933)
(0.05 0.05 0.0151933)
(0.055 0.05 0.0151933)
(0.06 0.05 0.0151933)
(0.065 0.05 0.0151932)
(0.07 0.05 0.0151932)
(0.075 0.05 0.0151932)
(0.08 0.05 0.0151932)
(0.085 0.05 0.0151932)
(0.09 0.05 0.0151932)
(0.095 0.05 0.0151932)
(0.1 0.05 0.0151932)
(0.105 0.05 0.0151932)
(0.11 0.05 0.0151932)
(0.115 0.05 0.0151932)
(0.12 0.05 0.0151932)
(0.125 0.05 0.0151932)
(0.13 0.05 0.0151932)
(0.135 0.05 0.0151932)
(0.14 0.05 0.0151932)
(0.145 0.05 0.0151932)
(0.15 0.05 0.0151933)
(0.155 0.05 0.0151933)
(0.16 0.05 0.0151933)
(0.165001 0.05 0.0151933)
(0.170004 0.05 0.0151933)
(0.175012 0.05 0.0151932)
(0.180035 0.05 0.0151924)
(0.185089 0.05 0.0151878)
(0.190171 0.05 0.015171)
(0.195079 0.05 0.0151164)
(0.2 0.05 0.0149622)
(0 0 0.0193453)
(0.00504504 0 0.0199569)
(0.00983035 0 0.0201757)
(0.0149016 0 0.0202383)
(0.0199613 0 0.0202578)
(0.0249865 0 0.0202644)
(0.0299958 0 0.0202666)
(0.0349989 0 0.0202672)
(0.0399997 0 0.0202674)
(0.045 0 0.0202675)
(0.05 0 0.0202675)
(0.055 0 0.0202675)
(0.06 0 0.0202675)
(0.065 0 0.0202675)
(0.07 0 0.0202675)
(0.075 0 0.0202675)
(0.08 0 0.0202675)
(0.085 0 0.0202675)
(0.09 0 0.0202675)
(0.095 0 0.0202675)
(0.1 0 0.0202675)
(0.105 0 0.0202675)
(0.11 0 0.0202675)
(0.115 0 0.0202675)
(0.12 0 0.0202675)
(0.125 0 0.0202675)
(0.13 0 0.0202675)
(0.135 0 0.0202675)
(0.14 0 0.0202675)
(0.145 0 0.0202675)
(0.15 0 0.0202675)
(0.155 0 0.0202675)
(0.16 0 0.0202675)
(0.165 0 0.0202675)
(0.17 0 0.0202675)
(0.175 0 0.0202675)
(0.18 0 0.0202675)
(0.185 0 0.0202675)
(0.19 0 0.0202675)
(0.195 0 0.0202675)
(0.2 0 0.0202675)
(0.205 0 0.0202675)
(0.21 0 0.0202675)
(0.215001 0 0.0202674)
(0.220005 0 0.0202668)
(0.225015 0 0.0202646)
(0.230042 0 0.0202577)
(0.235106 0 0.0202378)
(0.240186 0 0.0201755)
(0.244993 0 0.019964)
(0.25 0 0.0193453)
(0 0.0050129 0.0199953)
(0.00422296 0.00421861 0.0207633)
(0.00966048 0.00418391 0.0207667)
(0.0148505 0.00416539 0.0207695)
(0.019937 0.00415354 0.0207751)
(0.0249755 0.00414866 0.0207775)
(0.0299913 0.00414695 0.0207784)
(0.0349971 0.00414643 0.0207786)
(0.0399991 0.00414629 0.0207787)
(0.0449997 0.00414627 0.0207787)
(0.0499999 0.00414627 0.0207787)
(0.055 0.00414628 0.0207787)
(0.06 0.00414628 0.0207787)
(0.065 0.00414628 0.0207787)
(0.07 0.00414628 0.0207787)
(0.075 0.00414628 0.0207787)
(0.08 0.00414628 0.0207787)
(0.085 0.00414628 0.0207787)
(0.09 0.00414628 0.0207787)
(0.095 0.00414628 0.0207787)
(0.1 0.00414628 0.0207787)
(0.105 0.00414628 0.0207787)
(0.11 0.00414628 0.0207787)
(0.115 0.00414628 0.0207787)
(0.12 0.00414628 0.0207787)
(0.125 0.00414628 0.0207787)
(0.13 0.00414628 0.0207787)
(0.135 0.00414628 0.0207787)
(0.14 0.00414628 0.0207787)
(0.145 0.00414628 0.0207787)
(0.15 0.00414628 0.0207787)
(0.155 0.00414627 0.0207787)
(0.16 0.00414627 0.0207787)
(0.165 0.00414626 0.0207787)
(0.17 0.00414624 0.0207787)
(0.175 0.00414621 0.0207787)
(0.18 0.00414616 0.0207788)
(0.185 0.00414608 0.0207788)
(0.19 0.00414598 0.0207788)
(0.195 0.00414585 0.0207788)
(0.2 0.00414573 0.0207788)
(0.205 0.00414563 0.0207788)
(0.210001 0.00414559 0.0207788)
(0.215003 0.0041457 0.0207787)
(0.220009 0.00414625 0.0207784)
(0.225026 0.00414809 0.0207775)
(0.230066 0.00415337 0.0207751)
(0.235156 0.00416631 0.0207694)
(0.240351 0.00418786 0.0207656)
(0.245796 0.00422883 0.0207631)
(0.25 0.00503205 0.0199912)
(0 0.0098308 0.0201954)
(0.00418875 0.0096574 0.0207701)
(0.00955828 0.0095555 0.0206606)
(0.014785 0.00950636 0.0206261)
(0.0199036 0.00948617 0.0206206)
(0.0249604 0.00947864 0.0206199)
(0.0299851 0.0094761 0.0206195)
(0.0349947 0.00947532 0.0206195)
(0.0399982 0.00947511 0.0206195)
(0.0449994 0.00947506 0.0206195)
(0.0499998 0.00947505 0.0206195)
(0.0549999 0.00947505 0.0206195)
(0.06 0.00947505 0.0206195)
(0.065 0.00947505 0.0206195)
(0.07 0.00947505 0.0206195)
(0.075 0.00947505 0.0206195)
(0.08 0.00947505 0.0206195)
(0.085 0.00947505 0.0206195)
(0.09 0.00947505 0.0206195)
(0.095 0.00947505 0.0206195)
(0.1 0.00947505 0.0206195)
(0.105 0.00947505 0.0206195)
(0.11 0.00947505 0.0206195)
(0.115 0.00947505 0.0206195)
(0.12 0.00947505 0.0206195)
(0.125 0.00947505 0.0206195)
(0.13 0.00947505 0.0206195)
(0.135 0.00947505 0.0206195)
(0.14 0.00947505 0.0206195)
(0.145 0.00947505 0.0206195)
(0.15 0.00947505 0.0206195)
(0.155 0.00947504 0.0206195)
(0.16 0.00947502 0.0206195)
(0.165 0.00947498 0.0206195)
(0.17 0.00947491 0.0206195)
(0.175 0.00947478 0.0206195)
(0.18 0.00947455 0.0206195)
(0.185 0.0094742 0.0206195)
(0.19 0.0094737 0.0206195)
(0.195 0.00947311 0.0206195)
(0.2 0.00947254 0.0206195)
(0.205001 0.0094721 0.0206195)
(0.210002 0.00947189 0.0206195)
(0.215006 0.00947199 0.0206195)
(0.220015 0.0094728 0.0206195)
(0.225041 0.00947555 0.0206196)
(0.230098 0.00948361 0.0206206)
(0.235217 0.00950483 0.020626)
(0.240441 0.0095551 0.0206595)
(0.24582 0.00966487 0.0207708)
(0.25 0.00983934 0.0202006)
(0 0.0149037 0.020246)
(0.0041667 0.014853 0.0207722)
(0.00950652 0.0147889 0.0206267)
(0.014746 0.0147523 0.0205796)
(0.019882 0.0147362 0.0205699)
(0.0249502 0.01473 0.0205678)
(0.0299807 0.0147278 0.0205673)
(0.034993 0.0147272 0.0205672)
(0.0399976 0.014727 0.0205671)
(0.0449992 0.0147269 0.0205671)
(0.0499997 0.0147269 0.0205671)
(0.0549999 0.0147269 0.0205671)
(0.06 0.0147269 0.0205671)
(0.065 0.0147269 0.0205671)
(0.07 0.0147269 0.0205671)
(0.075 0.0147269 0.0205671)
(0.08 0.0147269 0.0205671)
(0.085 0.0147269 0.0205671)
(0.09 0.0147269 0.0205671)
(0.095 0.0147269 0.0205671)
(0.1 0.0147269 0.0205671)
(0.105 0.0147269 0.0205671)
(0.11 0.0147269 0.0205671)
(0.115 0.0147269 0.0205671)
(0.12 0.0147269 0.0205671)
(0.125 0.0147269 0.0205671)
(0.13 0.0147269 0.0205671)
(0.135 0.0147269 0.0205671)
(0.14 0.0147269 0.0205671)
(0.145 0.0147269 0.0205671)
(0.15 0.0147269 0.0205671)
(0.155 0.0147269 0.0205671)
(0.16 0.0147268 0.0205671)
(0.165 0.0147267 0.0205671)
(0.17 0.0147266 0.0205671)
(0.175 0.0147262 0.0205671)
(0.18 0.0147256 0.0205671)
(0.185 0.0147245 0.0205671)
(0.190001 0.0147231 0.0205671)
(0.195001 0.0147213 0.0205671)
(0.200001 0.0147195 0.0205671)
(0.205002 0.0147181 0.0205671)
(0.210003 0.0147174 0.0205671)
(0.215007 0.0147173 0.0205672)
(0.22002 0.014718 0.0205673)
(0.225051 0.0147204 0.0205678)
(0.230119 0.0147275 0.0205699)
(0.235254 0.014745 0.0205793)
(0.24049 0.0147837 0.0206258)
(0.245838 0.0148545 0.0207745)
(0.25 0.0149071 0.0202559)
(0 0.0199663 0.02026)
(0.00415424 0.0199466 0.020776)
(0.00948556 0.0199197 0.0206209)
(0.0147291 0.0199028 0.02057)
(0.0198721 0.019895 0.020559)
(0.0249453 0.0198919 0.0205565)
(0.0299785 0.0198909 0.0205559)
(0.0349921 0.0198905 0.0205557)
(0.0399972 0.0198904 0.0205557)
(0.044999 0.0198904 0.0205557)
(0.0499996 0.0198904 0.0205557)
(0.0549999 0.0198904 0.0205557)
(0.06 0.0198904 0.0205557)
(0.065 0.0198904 0.0205557)
(0.07 0.0198904 0.0205557)
(0.075 0.0198904 0.0205557)
(0.08 0.0198904 0.0205557)
(0.085 0.0198904 0.0205557)
(0.09 0.0198904 0.0205557)
(0.095 0.0198904 0.0205557)
(0.1 0.0198904 0.0205557)
(0.105 0.0198904 0.0205557)
(0.11 0.0198904 0.0205557)
(0.115 0.0198904 0.0205557)
(0.12 0.0198904 0.0205557)
(0.125 0.0198904 0.0205557)
(0.13 0.0198904 0.0205557)
(0.135 0.0198904 0.0205557)
(0.14 0.0198904 0.0205557)
(0.145 0.0198904 0.0205557)
(0.15 0.0198903 0.0205557)
(0.155 0.0198903 0.0205557)
(0.16 0.0198902 0.0205557)
(0.165 0.01989 0.0205557)
(0.17 0.0198896 0.0205557)
(0.175 0.0198888 0.0205557)
(0.18 0.0198873 0.0205557)
(0.185001 0.0198847 0.0205557)
(0.190001 0.0198808 0.0205556)
(0.195002 0.0198758 0.0205556)
(0.200002 0.0198708 0.0205555)
(0.205003 0.0198671 0.0205555)
(0.210004 0.0198651 0.0205555)
(0.215009 0.0198644 0.0205556)
(0.220022 0.0198647 0.0205558)
(0.225056 0.0198664 0.0205564)
(0.230129 0.0198709 0.0205589)
(0.23527 0.0198814 0.0205697)
(0.240506 0.0199029 0.0206205)
(0.245851 0.0199394 0.0207767)
(0.25 0.0199639 0.0202714)
(0 0.0250016 0.0202627)
(0.00415079 0.0250021 0.0207769)
(0.00948018 0.0250038 0.02062)
(0.0147247 0.0250043 0.0205683)
(0.0198694 0.0250047 0.020557)
(0.0249439 0.025005 0.0205544)
(0.0299779 0.0250051 0.0205538)
(0.0349918 0.0250051 0.0205537)
(0.0399971 0.0250052 0.0205536)
(0.044999 0.0250052 0.0205536)
(0.0499996 0.0250052 0.0205536)
(0.0549999 0.0250052 0.0205536)
(0.0599999 0.0250052 0.0205536)
(0.065 0.0250052 0.0205536)
(0.07 0.0250052 0.0205536)
(0.075 0.0250052 0.0205536)
(0.08 0.0250052 0.0205536)
(0.085 0.0250052 0.0205536)
(0.09 0.0250052 0.0205536)
(0.095 0.0250052 0.0205536)
(0.1 0.0250052 0.0205536)
(0.105 0.0250052 0.0205536)
(0.11 0.0250052 0.0205536)
(0.115 0.0250052 0.0205536)
(0.12 0.0250052 0.0205536)
(0.125 0.0250052 0.0205536)
(0.13 0.0250052 0.0205536)
(0.135 0.0250052 0.0205536)
(0.14 0.0250052 0.0205536)
(0.145 0.0250052 0.0205536)
(0.15 0.0250051 0.0205536)
(0.155 0.0250051 0.0205536)
(0.16 0.0250049 0.0205536)
(0.165 0.0250046 0.0205536)
(0.17 0.0250038 0.0205536)
(0.175001 0.0250022 0.0205536)
(0.180001 0.0249988 0.0205536)
(0.185002 0.0249928 0.0205535)
(0.190004 0.0249831 0.0205534)
(0.195005 0.0249701 0.0205532)
(0.200006 0.0249568 0.020553)
(0.205005 0.0249476 0.0205529)
(0.210006 0.0249429 0.0205529)
(0.21501 0.0249412 0.020553)
(0.220024 0.0249411 0.0205532)
(0.225058 0.024942 0.0205538)
(0.230133 0.0249445 0.0205565)
(0.235277 0.0249499 0.0205678)
(0.240514 0.0249601 0.0206197)
(0.245856 0.0249766 0.0207786)
(0.25 0.0249876 0.0202762)
(0 0.0300384 0.020258)
(0.00415457 0.0300586 0.0207751)
(0.00948587 0.0300891 0.0206201)
(0.0147294 0.030107 0.0205696)
(0.0198722 0.0301156 0.0205586)
(0.0249454 0.0301191 0.0205562)
(0.0299785 0.0301205 0.0205556)
(0.0349921 0.0301209 0.0205555)
(0.0399972 0.0301211 0.0205555)
(0.044999 0.0301211 0.0205555)
(0.0499996 0.0301211 0.0205555)
(0.0549999 0.0301211 0.0205555)
(0.06 0.0301211 0.0205555)
(0.065 0.0301211 0.0205555)
(0.07 0.0301211 0.0205555)
(0.075 0.0301211 0.0205555)
(0.08 0.0301211 0.0205555)
(0.085 0.0301211 0.0205555)
(0.09 0.0301211 0.0205555)
(0.095 0.0301211 0.0205555)
(0.1 0.0301211 0.0205555)
(0.105 0.0301211 0.0205555)
(0.11 0.0301211 0.0205555)
(0.115 0.0301211 0.0205555)
(0.12 0.0301211 0.0205555)
(0.125 0.0301211 0.0205555)
(0.13 0.0301211 0.0205555)
(0.135 0.0301211 0.0205555)
(0.14 0.0301211 0.0205555)
(0.145 0.0301211 0.0205555)
(0.15 0.0301211 0.0205555)
(0.155 0.030121 0.0205555)
(0.16 0.0301208 0.0205555)
(0.165 0.0301202 0.0205555)
(0.17 0.0301189 0.0205555)
(0.175001 0.0301158 0.0205554)
(0.180003 0.0301091 0.0205554)
(0.185005 0.0300962 0.0205552)
(0.190009 0.0300743 0.0205547)
(0.195013 0.0300427 0.0205538)
(0.200015 0.0300092 0.0205527)
(0 0.0351061 0.0202395)
(0.00416807 0.0351543 0.0207697)
(0.00950702 0.035222 0.0206242)
(0.0147463 0.0352594 0.0205782)
(0.0198822 0.0352763 0.0205687)
(0.0249503 0.035283 0.0205667)
(0.0299807 0.0352854 0.0205663)
(0.034993 0.0352862 0.0205662)
(0.0399975 0.0352865 0.0205662)
(0.0449991 0.0352866 0.0205662)
(0.0499997 0.0352866 0.0205662)
(0.0549999 0.0352866 0.0205662)
(0.06 0.0352866 0.0205662)
(0.065 0.0352866 0.0205662)
(0.07 0.0352866 0.0205662)
(0.075 0.0352866 0.0205662)
(0.08 0.0352866 0.0205662)
(0.085 0.0352866 0.0205662)
(0.09 0.0352866 0.0205662)
(0.095 0.0352866 0.0205662)
(0.1 0.0352866 0.0205662)
(0.105 0.0352866 0.0205662)
(0.11 0.0352866 0.0205662)
(0.115 0.0352866 0.0205662)
(0.12 0.0352866 0.0205662)
(0.125 0.0352866 0.0205662)
(0.13 0.0352866 0.0205662)
(0.135 0.0352866 0.0205662)
(0.14 0.0352866 0.0205662)
(0.145 0.0352866 0.0205662)
(0.15 0.0352866 0.0205662)
(0.155 0.0352865 0.0205662)
(0.16 0.0352862 0.0205662)
(0.165 0.0352854 0.0205662)
(0.170001 0.0352834 0.0205662)
(0.175002 0.0352784 0.0205661)
(0.180005 0.035267 0.0205659)
(0.185011 0.0352432 0.0205653)
(0.190021 0.0351992 0.0205635)
(0.195032 0.035127 0.0205596)
(0.200039 0.0350445 0.0205541)
(0 0.0401881 0.0201776)
(0.00419069 0.0403479 0.0207644)
(0.00955693 0.0404518 0.0206544)
(0.0147842 0.0405013 0.0206222)
(0.0199033 0.0405223 0.0206169)
(0.0249603 0.0405304 0.0206162)
(0.029985 0.0405333 0.0206161)
(0.0349947 0.0405342 0.0206161)
(0.0399982 0.0405345 0.0206161)
(0.0449994 0.0405346 0.0206161)
(0.0499998 0.0405346 0.0206161)
(0.0549999 0.0405346 0.0206161)
(0.06 0.0405346 0.0206161)
(0.065 0.0405346 0.0206161)
(0.07 0.0405346 0.0206161)
(0.075 0.0405346 0.0206161)
(0.08 0.0405346 0.0206161)
(0.085 0.0405346 0.0206161)
(0.09 0.0405346 0.0206161)
(0.095 0.0405346 0.0206161)
(0.1 0.0405346 0.0206161)
(0.105 0.0405346 0.0206161)
(0.11 0.0405346 0.0206161)
(0.115 0.0405346 0.0206161)
(0.12 0.0405346 0.0206161)
(0.125 0.0405346 0.0206161)
(0.13 0.0405346 0.0206161)
(0.135 0.0405346 0.0206161)
(0.14 0.0405346 0.0206161)
(0.145 0.0405346 0.0206161)
(0.15 0.0405346 0.0206161)
(0.155 0.0405345 0.0206161)
(0.16 0.0405342 0.0206161)
(0.165 0.0405334 0.0206162)
(0.170001 0.0405311 0.0206162)
(0.175004 0.0405251 0.0206162)
(0.180009 0.0405102 0.0206159)
(0.185022 0.0404752 0.0206144)
(0.190045 0.0404032 0.0206083)
(0.195079 0.0402469 0.0205907)
(0.200114 0.0400347 0.0205592)
(0 0.044995 0.0199615)
(0.00422988 0.0458062 0.0207514)
(0.00966448 0.0458342 0.0207532)
(0.0148544 0.0458501 0.0207592)
(0.0199392 0.0458604 0.0207652)
(0.0249765 0.0458647 0.0207677)
(0.0299917 0.0458662 0.0207687)
(0.0349973 0.0458667 0.020769)
(0.0399992 0.0458668 0.0207691)
(0.0449998 0.0458669 0.0207691)
(0.0499999 0.0458669 0.0207691)
(0.055 0.0458669 0.0207691)
(0.06 0.0458669 0.0207691)
(0.065 0.0458669 0.0207691)
(0.07 0.0458669 0.0207691)
(0.075 0.0458669 0.0207691)
(0.08 0.0458669 0.0207691)
(0.085 0.0458669 0.0207691)
(0.09 0.0458669 0.0207691)
(0.095 0.0458669 0.0207691)
(0.1 0.0458669 0.0207691)
(0.105 0.0458669 0.0207691)
(0.11 0.0458669 0.0207691)
(0.115 0.0458669 0.0207691)
(0.12 0.0458669 0.0207691)
(0.125 0.0458669 0.0207691)
(0.13 0.0458669 0.0207691)
(0.135 0.0458669 0.0207691)
(0.14 0.0458669 0.0207691)
(0.145 0.0458669 0.0207691)
(0.15 0.0458669 0.0207691)
(0.155 0.0458668 0.0207691)
(0.16 0.0458667 0.0207691)
(0.165001 0.0458662 0.0207691)
(0.170002 0.0458649 0.0207692)
(0.175006 0.0458613 0.0207693)
(0.180016 0.0458509 0.0207688)
(0.18504 0.0458206 0.0207646)
(0.190092 0.0457281 0.0207465)
(0.195184 0.0454192 0.0206772)
(0.200388 0.044794 0.0205156)
(0 0.05 0.0193453)
(0.00500433 0.05 0.0199887)
(0.00982842 0.05 0.0201839)
(0.0149044 0.05 0.0202419)
(0.0199631 0.05 0.0202596)
(0.0249874 0.05 0.0202654)
(0.0299963 0.05 0.0202672)
(0.0349991 0.05 0.0202677)
(0.0399998 0.05 0.0202678)
(0.045 0.05 0.0202678)
(0.05 0.05 0.0202678)
(0.055 0.05 0.0202678)
(0.06 0.05 0.0202678)
(0.065 0.05 0.0202678)
(0.07 0.05 0.0202678)
(0.075 0.05 0.0202678)
(0.08 0.05 0.0202678)
(0.085 0.05 0.0202678)
(0.09 0.05 0.0202678)
(0.095 0.05 0.0202678)
(0.1 0.05 0.0202678)
(0.105 0.05 0.0202678)
(0.11 0.05 0.0202678)
(0.115 0.05 0.0202678)
(0.12 0.05 0.0202678)
(0.125 0.05 0.0202678)
(0.13 0.05 0.0202678)
(0.135 0.05 0.0202678)
(0.14 0.05 0.0202678)
(0.145 0.05 0.0202678)
(0.15 0.05 0.0202678)
(0.155 0.05 0.0202678)
(0.16 0.05 0.0202678)
(0.165001 0.05 0.0202679)
(0.170002 0.05 0.0202682)
(0.175007 0.05 0.0202688)
(0.180021 0.05 0.0202697)
(0.18505 0.05 0.020265)
(0.19011 0.05 0.0202255)
(0.195071 0.05 0.020121)
(0.2 0.05 0.0195823)
(0 0 0.025)
(0.00565468 0 0.025)
(0.0100671 0 0.025)
(0.015 0 0.025)
(0.02 0 0.025)
(0.025 0 0.025)
(0.03 0 0.025)
(0.035 0 0.025)
(0.04 0 0.025)
(0.045 0 0.025)
(0.05 0 0.025)
(0.055 0 0.025)
(0.06 0 0.025)
(0.065 0 0.025)
(0.07 0 0.025)
(0.075 0 0.025)
(0.08 0 0.025)
(0.085 0 0.025)
(0.09 0 0.025)
(0.095 0 0.025)
(0.1 0 0.025)
(0.105 0 0.025)
(0.11 0 0.025)
(0.115 0 0.025)
(0.12 0 0.025)
(0.125 0 0.025)
(0.13 0 0.025)
(0.135 0 0.025)
(0.14 0 0.025)
(0.145 0 0.025)
(0.15 0 0.025)
(0.155 0 0.025)
(0.16 0 0.025)
(0.165 0 0.025)
(0.17 0 0.025)
(0.175 0 0.025)
(0.18 0 0.025)
(0.185 0 0.025)
(0.19 0 0.025)
(0.195 0 0.025)
(0.2 0 0.025)
(0.205 0 0.025)
(0.21 0 0.025)
(0.215 0 0.025)
(0.22 0 0.025)
(0.225 0 0.025)
(0.23 0 0.025)
(0.235 0 0.025)
(0.239933 0 0.025)
(0.244345 0 0.025)
(0.25 0 0.025)
(0 0.00565468 0.025)
(0.00499108 0.00497615 0.025)
(0.0098159 0.00474556 0.025)
(0.0148967 0.00467279 0.025)
(0.0199595 0.00464967 0.025)
(0.024986 0.00464234 0.025)
(0.0299959 0.00464025 0.025)
(0.034999 0.00463977 0.025)
(0.0399998 0.00463971 0.025)
(0.045 0.00463974 0.025)
(0.05 0.00463976 0.025)
(0.055 0.00463977 0.025)
(0.06 0.00463977 0.025)
(0.065 0.00463978 0.025)
(0.07 0.00463978 0.025)
(0.075 0.00463978 0.025)
(0.08 0.00463978 0.025)
(0.085 0.00463978 0.025)
(0.09 0.00463978 0.025)
(0.095 0.00463978 0.025)
(0.1 0.00463978 0.025)
(0.105 0.00463978 0.025)
(0.11 0.00463978 0.025)
(0.115 0.00463978 0.025)
(0.12 0.00463978 0.025)
(0.125 0.00463978 0.025)
(0.13 0.00463978 0.025)
(0.135 0.00463978 0.025)
(0.14 0.00463978 0.025)
(0.145 0.00463977 0.025)
(0.15 0.00463977 0.025)
(0.155 0.00463977 0.025)
(0.16 0.00463977 0.025)
(0.165 0.00463976 0.025)
(0.17 0.00463976 0.025)
(0.175 0.00463976 0.025)
(0.18 0.00463975 0.025)
(0.185 0.00463975 0.025)
(0.19 0.00463974 0.025)
(0.195 0.00463972 0.025)
(0.2 0.00463969 0.025)
(0.205 0.00463966 0.025)
(0.21 0.00463964 0.025)
(0.215001 0.0046397 0.025)
(0.220004 0.00464019 0.025)
(0.225014 0.00464233 0.025)
(0.230041 0.00464991 0.025)
(0.235105 0.00467409 0.025)
(0.24019 0.00475063 0.025)
(0.245028 0.00499397 0.025)
(0.25 0.00565468 0.025)
(0 0.0100671 0.025)
(0.00475337 0.00981312 0.025)
(0.00967459 0.00967175 0.025)
(0.0148283 0.00961195 0.025)
(0.0199313 0.00959047 0.025)
(0.0249763 0.00958361 0.025)
(0.029993 0.00958174 0.025)
(0.0349983 0.00958132 0.025)
(0.0399997 0.00958127 0.025)
(0.0449999 0.00958127 0.025)
(0.05 0.00958128 0.025)
(0.055 0.00958128 0.025)
(0.06 0.00958129 0.025)
(0.065 0.00958129 0.025)
(0.07 0.00958129 0.025)
(0.075 0.00958129 0.025)
(0.08 0.00958129 0.025)
(0.085 0.00958129 0.025)
(0.09 0.00958129 0.025)
(0.095 0.00958129 0.025)
(0.1 0.00958129 0.025)
(0.105 0.00958129 0.025)
(0.11 0.00958129 0.025)
(0.115 0.00958129 0.025)
(0.12 0.00958129 0.025)
(0.125 0.00958129 0.025)
(0.13 0.00958129 0.025)
(0.135 0.00958129 0.025)
(0.14 0.00958129 0.025)
(0.145 0.00958129 0.025)
(0.15 0.00958129 0.025)
(0.155 0.00958129 0.025)
(0.16 0.00958128 0.025)
(0.165 0.00958128 0.025)
(0.17 0.00958127 0.025)
(0.175 0.00958125 0.025)
(0.18 0.00958122 0.025)
(0.185 0.00958115 0.025)
(0.19 0.00958103 0.025)
(0.195 0.00958088 0.025)
(0.2 0.00958073 0.025)
(0.205 0.00958062 0.025)
(0.21 0.00958056 0.025)
(0.215002 0.00958061 0.025)
(0.220007 0.00958105 0.025)
(0.225024 0.00958304 0.025)
(0.230069 0.00959028 0.025)
(0.235173 0.00961277 0.025)
(0.240328 0.00967464 0.025)
(0.24525 0.00981853 0.025)
(0.25 0.0100671 0.025)
(0 0.015 0.025)
(0.00467628 0.0148975 0.025)
(0.00961347 0.0148293 0.025)
(0.0147946 0.0147964 0.025)
(0.0199167 0.0147834 0.025)
(0.0249711 0.0147792 0.025)
(0.0299915 0.014778 0.025)
(0.0349979 0.0147778 0.025)
(0.0399996 0.0147777 0.025)
(0.0449999 0.0147777 0.025)
(0.05 0.0147777 0.025)
(0.055 0.0147777 0.025)
(0.06 0.0147777 0.025)
(0.065 0.0147777 0.025)
(0.07 0.0147777 0.025)
(0.075 0.0147777 0.025)
(0.08 0.0147777 0.025)
(0.085 0.0147777 0.025)
(0.09 0.0147777 0.025)
(0.095 0.0147777 0.025)
(0.1 0.0147777 0.025)
(0.105 0.0147777 0.025)
(0.11 0.0147777 0.025)
(0.115 0.0147777 0.025)
(0.12 0.0147777 0.025)
(0.125 0.0147777 0.025)
(0.13 0.0147777 0.025)
(0.135 0.0147777 0.025)
(0.14 0.0147777 0.025)
(0.145 0.0147777 0.025)
(0.15 0.0147777 0.025)
(0.155 0.0147777 0.025)
(0.16 0.0147777 0.025)
(0.165 0.0147777 0.025)
(0.17 0.0147777 0.025)
(0.175 0.0147776 0.025)
(0.18 0.0147774 0.025)
(0.185 0.0147771 0.025)
(0.19 0.0147767 0.025)
(0.195 0.014776 0.025)
(0.2 0.0147753 0.025)
(0.205 0.0147749 0.025)
(0.21 0.0147746 0.025)
(0.215002 0.0147746 0.025)
(0.220009 0.0147749 0.025)
(0.225029 0.0147762 0.025)
(0.230084 0.0147807 0.025)
(0.235206 0.0147945 0.025)
(0.240387 0.0148287 0.025)
(0.245323 0.0148981 0.025)
(0.25 0.015 0.025)
(0 0.02 0.025)
(0.00465129 0.0199643 0.025)
(0.0095914 0.0199393 0.025)
(0.0147814 0.0199265 0.025)
(0.0199107 0.0199213 0.025)
(0.024969 0.0199196 0.025)
(0.0299909 0.0199191 0.025)
(0.0349978 0.019919 0.025)
(0.0399995 0.019919 0.025)
(0.0449999 0.019919 0.025)
(0.05 0.019919 0.025)
(0.055 0.019919 0.025)
(0.06 0.019919 0.025)
(0.065 0.019919 0.025)
(0.07 0.019919 0.025)
(0.075 0.019919 0.025)
(0.08 0.019919 0.025)
(0.085 0.019919 0.025)
(0.09 0.019919 0.025)
(0.095 0.019919 0.025)
(0.1 0.019919 0.025)
(0.105 0.019919 0.025)
(0.11 0.019919 0.025)
(0.115 0.019919 0.025)
(0.12 0.019919 0.025)
(0.125 0.019919 0.025)
(0.13 0.019919 0.025)
(0.135 0.019919 0.025)
(0.14 0.019919 0.025)
(0.145 0.019919 0.025)
(0.15 0.019919 0.025)
(0.155 0.019919 0.025)
(0.16 0.019919 0.025)
(0.165 0.019919 0.025)
(0.17 0.0199188 0.025)
(0.175 0.0199186 0.025)
(0.18 0.0199181 0.025)
(0.185 0.019917 0.025)
(0.19 0.0199153 0.025)
(0.195 0.0199129 0.025)
(0.200001 0.0199104 0.025)
(0.205 0.0199087 0.025)
(0.210001 0.0199078 0.025)
(0.215002 0.0199076 0.025)
(0.220009 0.0199077 0.025)
(0.225031 0.0199083 0.025)
(0.230089 0.0199104 0.025)
(0.235219 0.0199167 0.025)
(0.240408 0.0199317 0.025)
(0.245347 0.0199602 0.025)
(0.25 0.02 0.025)
(0 0.025 0.025)
(0.00464504 0.0250017 0.025)
(0.00958622 0.0250029 0.025)
(0.0147782 0.0250037 0.025)
(0.0199092 0.025004 0.025)
(0.0249684 0.0250042 0.025)
(0.0299908 0.0250043 0.025)
(0.0349977 0.0250043 0.025)
(0.0399995 0.0250043 0.025)
(0.0449999 0.0250043 0.025)
(0.05 0.0250043 0.025)
(0.055 0.0250043 0.025)
(0.06 0.0250043 0.025)
(0.065 0.0250043 0.025)
(0.07 0.0250043 0.025)
(0.075 0.0250043 0.025)
(0.08 0.0250043 0.025)
(0.085 0.0250043 0.025)
(0.09 0.0250043 0.025)
(0.095 0.0250043 0.025)
(0.1 0.0250043 0.025)
(0.105 0.0250043 0.025)
(0.11 0.0250043 0.025)
(0.115 0.0250043 0.025)
(0.12 0.0250043 0.025)
(0.125 0.0250043 0.025)
(0.13 0.0250043 0.025)
(0.135 0.0250043 0.025)
(0.14 0.0250043 0.025)
(0.145 0.0250043 0.025)
(0.15 0.0250043 0.025)
(0.155 0.0250043 0.025)
(0.16 0.0250042 0.025)
(0.165 0.0250041 0.025)
(0.17 0.0250039 0.025)
(0.175 0.0250032 0.025)
(0.18 0.0250017 0.025)
(0.185 0.0249985 0.025)
(0.190001 0.0249931 0.025)
(0.195002 0.0249853 0.025)
(0.200002 0.0249771 0.025)
(0.205001 0.0249715 0.025)
(0.210001 0.0249687 0.025)
(0.215003 0.0249679 0.025)
(0.220009 0.0249678 0.025)
(0.225032 0.0249681 0.025)
(0.230091 0.0249689 0.025)
(0.235223 0.0249712 0.025)
(0.240415 0.0249765 0.025)
(0.245354 0.0249864 0.025)
(0.25 0.025 0.025)
(0 0.03 0.025)
(0.0046508 0.03004 0.025)
(0.00959215 0.0300682 0.025)
(0.0147818 0.0300828 0.025)
(0.0199109 0.0300888 0.025)
(0.024969 0.0300908 0.025)
(0.0299909 0.0300914 0.025)
(0.0349978 0.0300916 0.025)
(0.0399995 0.0300916 0.025)
(0.0449999 0.0300916 0.025)
(0.05 0.0300916 0.025)
(0.055 0.0300916 0.025)
(0.06 0.0300916 0.025)
(0.065 0.0300916 0.025)
(0.07 0.0300916 0.025)
(0.075 0.0300916 0.025)
(0.08 0.0300916 0.025)
(0.085 0.0300916 0.025)
(0.09 0.0300916 0.025)
(0.095 0.0300916 0.025)
(0.1 0.0300916 0.025)
(0.105 0.0300916 0.025)
(0.11 0.0300916 0.025)
(0.115 0.0300916 0.025)
(0.12 0.0300916 0.025)
(0.125 0.0300916 0.025)
(0.13 0.0300916 0.025)
(0.135 0.0300916 0.025)
(0.14 0.0300916 0.025)
(0.145 0.0300916 0.025)
(0.15 0.0300916 0.025)
(0.155 0.0300916 0.025)
(0.16 0.0300915 0.025)
(0.165 0.0300913 0.025)
(0.17 0.0300907 0.025)
(0.175 0.0300891 0.025)
(0.18 0.0300852 0.025)
(0.185001 0.030077 0.025)
(0.190003 0.0300623 0.025)
(0.195004 0.0300404 0.025)
(0.200005 0.0300164 0.025)
(0 0.035 0.025)
(0.00467729 0.0351103 0.025)
(0.00961619 0.0351839 0.025)
(0.0147959 0.0352193 0.025)
(0.0199172 0.0352333 0.025)
(0.0249712 0.035238 0.025)
(0.0299915 0.0352393 0.025)
(0.0349979 0.0352396 0.025)
(0.0399996 0.0352397 0.025)
(0.0449999 0.0352397 0.025)
(0.05 0.0352397 0.025)
(0.055 0.0352397 0.025)
(0.06 0.0352398 0.025)
(0.065 0.0352398 0.025)
(0.07 0.0352398 0.025)
(0.075 0.0352398 0.025)
(0.08 0.0352398 0.025)
(0.085 0.0352398 0.025)
(0.09 0.0352398 0.025)
(0.095 0.0352398 0.025)
(0.1 0.0352398 0.025)
(0.105 0.0352398 0.025)
(0.11 0.0352398 0.025)
(0.115 0.0352398 0.025)
(0.12 0.0352398 0.025)
(0.125 0.0352398 0.025)
(0.13 0.0352398 0.025)
(0.135 0.0352398 0.025)
(0.14 0.0352397 0.025)
(0.145 0.0352397 0.025)
(0.15 0.0352397 0.025)
(0.155 0.0352397 0.025)
(0.16 0.0352396 0.025)
(0.165 0.0352392 0.025)
(0.17 0.035238 0.025)
(0.175 0.0352347 0.025)
(0.180001 0.0352265 0.025)
(0.185003 0.0352084 0.025)
(0.190007 0.0351746 0.025)
(0.19501 0.0351204 0.025)
(0.20001 0.0350568 0.025)
(0 0.0399329 0.025)
(0.00476186 0.0402 0.025)
(0.00968199 0.0403497 0.025)
(0.014831 0.0404126 0.025)
(0.0199323 0.0404353 0.025)
(0.0249765 0.0404428 0.025)
(0.029993 0.0404449 0.025)
(0.0349982 0.0404455 0.025)
(0.0399996 0.0404457 0.025)
(0.0449999 0.0404457 0.025)
(0.05 0.0404457 0.025)
(0.055 0.0404457 0.025)
(0.06 0.0404457 0.025)
(0.065 0.0404457 0.025)
(0.07 0.0404457 0.025)
(0.075 0.0404457 0.025)
(0.08 0.0404457 0.025)
(0.085 0.0404457 0.025)
(0.09 0.0404457 0.025)
(0.095 0.0404457 0.025)
(0.1 0.0404457 0.025)
(0.105 0.0404457 0.025)
(0.11 0.0404457 0.025)
(0.115 0.0404457 0.025)
(0.12 0.0404457 0.025)
(0.125 0.0404457 0.025)
(0.13 0.0404457 0.025)
(0.135 0.0404457 0.025)
(0.14 0.0404457 0.025)
(0.145 0.0404457 0.025)
(0.15 0.0404457 0.025)
(0.155 0.0404456 0.025)
(0.16 0.0404454 0.025)
(0.165 0.0404449 0.025)
(0.17 0.0404431 0.025)
(0.175 0.040438 0.025)
(0.180001 0.0404244 0.025)
(0.185005 0.0403924 0.025)
(0.190015 0.0403331 0.025)
(0.195027 0.04023 0.025)
(0.200028 0.0400902 0.025)
(0 0.0443453 0.025)
(0.00502168 0.0450293 0.025)
(0.00982952 0.0452649 0.025)
(0.0149007 0.0453339 0.025)
(0.0199608 0.0453552 0.025)
(0.0249864 0.0453622 0.025)
(0.0299959 0.0453644 0.025)
(0.0349989 0.0453651 0.025)
(0.0399998 0.0453652 0.025)
(0.045 0.0453653 0.025)
(0.05 0.0453653 0.025)
(0.055 0.0453653 0.025)
(0.06 0.0453653 0.025)
(0.065 0.0453653 0.025)
(0.07 0.0453653 0.025)
(0.075 0.0453653 0.025)
(0.08 0.0453653 0.025)
(0.085 0.0453653 0.025)
(0.09 0.0453653 0.025)
(0.095 0.0453653 0.025)
(0.1 0.0453653 0.025)
(0.105 0.0453653 0.025)
(0.11 0.0453653 0.025)
(0.115 0.0453653 0.025)
(0.12 0.0453653 0.025)
(0.125 0.0453653 0.025)
(0.13 0.0453653 0.025)
(0.135 0.0453653 0.025)
(0.14 0.0453653 0.025)
(0.145 0.0453653 0.025)
(0.15 0.0453652 0.025)
(0.155 0.0453652 0.025)
(0.16 0.045365 0.025)
(0.165 0.0453645 0.025)
(0.17 0.045363 0.025)
(0.175 0.0453586 0.025)
(0.18 0.0453458 0.025)
(0.185006 0.0453079 0.025)
(0.190027 0.0452569 0.025)
(0.195078 0.0451818 0.025)
(0.200088 0.0450052 0.025)
(0 0.05 0.025)
(0.00565468 0.05 0.025)
(0.0100671 0.05 0.025)
(0.015 0.05 0.025)
(0.02 0.05 0.025)
(0.025 0.05 0.025)
(0.03 0.05 0.025)
(0.035 0.05 0.025)
(0.04 0.05 0.025)
(0.045 0.05 0.025)
(0.05 0.05 0.025)
(0.055 0.05 0.025)
(0.06 0.05 0.025)
(0.065 0.05 0.025)
(0.07 0.05 0.025)
(0.075 0.05 0.025)
(0.08 0.05 0.025)
(0.085 0.05 0.025)
(0.09 0.05 0.025)
(0.095 0.05 0.025)
(0.1 0.05 0.025)
(0.105 0.05 0.025)
(0.11 0.05 0.025)
(0.115 0.05 0.025)
(0.12 0.05 0.025)
(0.125 0.05 0.025)
(0.13 0.05 0.025)
(0.135 0.05 0.025)
(0.14 0.05 0.025)
(0.145 0.05 0.025)
(0.15 0.05 0.025)
(0.155 0.05 0.025)
(0.16 0.05 0.025)
(0.165 0.05 0.025)
(0.17 0.05 0.025)
(0.175 0.05 0.025)
(0.18 0.05 0.025)
(0.185 0.05 0.025)
(0.189997 0.05 0.025)
(0.194983 0.05 0.025)
(0.2 0.05 0.025)
)


// ************************************************************************* //
